0.000000000000000000e+00 0.000000000000000000e+00
1.000000000000000000e+00 7.478056898397413810e-56
1.011169676157007924e+00 4.054529903632290847e-55
1.022464113979468125e+00 2.156865978391699048e-54
1.033884707014780746e+00 1.125973720826929670e-53
1.045432864375818838e+00 5.769627292703719076e-53
1.057110010914789955e+00 2.902487668017572635e-52
1.068917587399039082e+00 1.433785110523553800e-51
1.080857050688816434e+00 6.956268537181895054e-51
1.092929873917029227e+00 3.315386799288314587e-50
1.105137546671001836e+00 1.552538524266449317e-49
1.117481575176267228e+00 7.144699895452595349e-49
1.129963482482409187e+00 3.231809622046891252e-48
1.142584808650982442e+00 1.437166101832542275e-47
1.155347110945530664e+00 6.284233660882785740e-47
1.168251964023726996e+00 2.702468878813443205e-46
1.181300960131660416e+00 1.143173569441706280e-45
1.194495709300293473e+00 4.757585635661714152e-45
1.207837839544113168e+00 1.948326792821485722e-44
1.221328997062000932e+00 7.852627425162967552e-44
1.234970846440346604e+00 3.115464190672431395e-43
1.248765070858431248e+00 1.216916063109846501e-42
1.262713372296102809e+00 4.680610204605673493e-42
1.276817471743773691e+00 1.773060366452824372e-41
1.291079109414761117e+00 6.616031703110992610e-41
1.305500044960002048e+00 2.432169597827578062e-40
1.320082057685164623e+00 8.810243899663072082e-40
1.334826946770184319e+00 3.145189517028629290e-39
1.349736531491255054e+00 1.106731857839052644e-38
1.364812651445295399e+00 3.839235357502934122e-38
1.380057166776926580e+00 1.313169228004069934e-37
1.395471958407982660e+00 4.429326290536249309e-37
1.411058928269585344e+00 1.473544355052106360e-36
1.426819999536811157e+00 4.835748585243208699e-36
1.442757116865979405e+00 1.565685302242312374e-35
1.458872246634590697e+00 5.002069105135472334e-35
1.475167377183945527e+00 1.577114743798374123e-34
1.491644519064472929e+00 4.908058542995221842e-34
1.508305705283798703e+00 1.507827416249749132e-33
1.525152991557586324e+00 4.573500795963438418e-33
1.542188456563176269e+00 1.369825286155169743e-32
1.559414202196062638e+00 4.051899400519949650e-32
1.576832353829231481e+00 1.183836316625885673e-31
1.594445060575396367e+00 3.416814191312060209e-31
1.612254495552164490e+00 9.743321454193762287e-31
1.630262856150162198e+00 2.745410652658702090e-30
1.648472364304158111e+00 7.645018174044553914e-30
1.666885266767212714e+00 2.104153750091116398e-29
1.685503835387890170e+00 5.724800363249421332e-29
1.704330367390567424e+00 1.539864463927723420e-28
1.723367185658874368e+00 4.095421643193838105e-28
1.742616639022298131e+00 1.077117041851841743e-27
1.762081102545990596e+00 2.801748440065455764e-27
1.781762977823812655e+00 7.208594077030666281e-27
1.801664693274650508e+00 1.834759134669954142e-26
1.821788704442043549e+00 4.620250591967312290e-26
1.842137494297156008e+00 1.151233264756877280e-25
1.862713573545137224e+00 2.838716037377703097e-25
1.883519480934899182e+00 6.927730771018838825e-25
1.904557783572357499e+00 1.673483331640980353e-24
1.925831077237169398e+00 4.001853424084535890e-24
1.947341986703010175e+00 9.474548988362890696e-24
1.969093166061427036e+00 2.221074873623764620e-23
1.991087299049310477e+00 5.156090508189974587e-23
2.013327099380022744e+00 1.185434887896795380e-22
2.035815311078225776e+00 2.699492571384207253e-22
2.058554708818447487e+00 6.089470964309583197e-22
2.081548098267433478e+00 1.360864846992364602e-21
2.104798316430315896e+00 3.013235682519000425e-21
2.128308232000657885e+00 6.611168428136553776e-21
2.152080745714399335e+00 1.437454873376417906e-20
2.176118790707761264e+00 3.097593798929700589e-20
2.200425332879146545e+00 6.616250466593803563e-20
2.225003371255082740e+00 1.400874850859967370e-19
2.249855938360252772e+00 2.940552650412598713e-19
2.274986100591657845e+00 6.119864724896801589e-19
2.300396958596961028e+00 1.262926422762258224e-18
2.326091647657055006e+00 2.584517457945736480e-18
2.352073338072905084e+00 5.245493662436296138e-18
2.378345235556711845e+00 1.055934384069292580e-17
2.404910581627442756e+00 2.108494131402653612e-17
2.431772654010782908e+00 4.176664974470537443e-17
2.458934767043550629e+00 8.208217691529307702e-17
2.486400272082634810e+00 1.600539330046223545e-16
2.514172557918493922e+00 3.096856426439567170e-16
2.542255051193279769e+00 5.946336505169691418e-16
2.570651216823625962e+00 1.133150697061447330e-15
2.599364558428164163e+00 2.143253478761132635e-15
2.628398618759810290e+00 4.023851152377663735e-15
2.657756980142884196e+00 7.499426452282575648e-15
2.687443264915107211e+00 1.387610746626633735e-14
2.717461135874541078e+00 2.549151179040974818e-14
2.747814296731514450e+00 4.649925647697234437e-14
2.778506492565601782e+00 8.422727226234923414e-14
2.809541510287703048e+00 1.515128199118939555e-13
2.840923179107287755e+00 2.706881554767327182e-13
2.872655371004853020e+00 4.803361309070246236e-13
2.904742001209666746e+00 8.466616327955339447e-13
2.937187028682838097e+00 1.482501806950484883e-12
2.969994456605789424e+00 2.578891432016419944e-12
3.003168332874184721e+00 4.457124039234164973e-12
3.036712750597370558e+00 7.654048901228617116e-12
3.070631848603399661e+00 1.306091961332055047e-11
3.104929811949693974e+00 2.214791414720026692e-11
3.139610872439411171e+00 3.732482997081973351e-11
3.174679309143579875e+00 6.251700960617503269e-11
3.210139448929067107e+00 1.040793745645779662e-10
3.245995666992440576e+00 1.722366545035872325e-10
3.282252387399797744e+00 2.833406756741580762e-10
3.318914083632619416e+00 4.918630099533037553e-10
3.355985279139728217e+00 8.245154582246605111e-10
3.393470547895404810e+00 1.332226044922052827e-09
3.431374514963740463e+00 2.140407239414835233e-09
3.469701857069295237e+00 3.419630804571123682e-09
3.508457303174127961e+00 5.433110117374875102e-09
3.547645635061272174e+00 8.585016578334168530e-09
3.587271687924729058e+00 1.349189257814080419e-08
3.627340350966051119e+00 2.108979722193838540e-08
3.667856567997588968e+00 3.279277936617121839e-08
3.708825338052476717e+00 5.072109003353347547e-08
3.750251716001427926e+00 7.804617759145219338e-08
3.792140813176426928e+00 1.194802843594215233e-07
3.834497798001379909e+00 1.819797973838724436e-07
3.877327896629815029e+00 2.757806827448720760e-07
3.920636393589702617e+00 4.158713192162589972e-07
3.964428632435478495e+00 6.240584280675089026e-07
4.008710016407352583e+00 9.319166450493243718e-07
4.053486009097976073e+00 1.384976187097968033e-06
4.098762135126563066e+00 2.048542864813324859e-06
4.144543980820532880e+00 3.015841652009866129e-06
4.190837194904774243e+00 4.419309696627729977e-06
4.237647489198603346e+00 6.446220033975739963e-06
4.284980639320509432e+00 9.360146735793541318e-06
4.332842485400767885e+00 1.353034249470645180e-05
4.381238932802019370e+00 1.947175143214437303e-05
4.430175952847893228e+00 2.789925511366816158e-05
4.479659583559767455e+00 3.980086428755772642e-05
4.529695930401767434e+00 5.653614462088275605e-05
4.580291167034070909e+00 7.996750742267436920e-05
4.631451536074645325e+00 1.126354797318998026e-04
4.683183349869475265e+00 1.579905831100035572e-04
4.735492991271408769e+00 2.206995478913703569e-04
4.788386914427690932e+00 3.070475787301590810e-04
4.841871645576302008e+00 4.254646722942125058e-04
4.895953783851188845e+00 5.872108669128513030e-04
4.950640002096483805e+00 8.072653457178118443e-04
5.005937047689830166e+00 1.105475758368970347e-03
5.061851743374893076e+00 1.508035323134035172e-03
5.118390988103176831e+00 2.049374551212554407e-03
5.175561757885236425e+00 2.774579032875813291e-03
5.233371106651408589e+00 3.742457710477628367e-03
5.291826167122148483e+00 5.029424090999981209e-03
5.350934151688083062e+00 6.734403524610081855e-03
5.410702353299912559e+00 8.984971962618408178e-03
5.471138146368232036e+00 1.194506023488257213e-02
5.532248987673417773e+00 1.582453974860030532e-02
5.594042417285664648e+00 2.089111677647160006e-02
5.656526059495310399e+00 2.748507537318752719e-02
5.719707623753548908e+00 3.603737664326647078e-02
5.783594905623645310e+00 4.709197173704015443e-02
5.848195787742781704e+00 6.133297351307424178e-02
5.913518240794646275e+00 7.961788117903066675e-02
5.979570324492881284e+00 1.030178481911341037e-01
6.046360188575520489e+00 1.328663549648179676e-01
6.113896073810534126e+00 1.708181183938105863e-01
6.182186313012599577e+00 2.189193746443667266e-01
6.251239332071237165e+00 2.796926476415667051e-01
6.321063650990423000e+00 3.562373510273353361e-01
6.391667884939820077e+00 4.523493486816752007e-01
6.463060745317744882e+00 5.726632897095956798e-01
6.535251040826013380e+00 7.228198029456079921e-01
6.608247678556788962e+00 9.096622782691778930e-01
6.682059665091567346e+00 1.141468593610864612e+00
6.756696107612444102e+00 1.428221054398523648e+00
6.832166215025790912e+00 1.781920589990242387e+00
6.908479299098479132e+00 2.216952095527498834e+00
6.985644775606801637e+00 2.750507980653122964e+00
7.063672165498223521e+00 3.403075376296319288e+00
7.142571096066109071e+00 4.198996731344989186e+00
7.222351302137572482e+00 5.167112115503729619e+00
7.303022627274592615e+00 6.341493897509030475e+00
7.384595024988550804e+00 7.762283610417091140e+00
7.467078559968324036e+00 9.476640713133525296e+00
7.550483409322106709e+00 1.153981727130968338e+01
7.634819863833095077e+00 1.401637046244076323e+01
7.720098329229202250e+00 1.698152599943459151e+01
7.806329327466949408e+00 2.052270827052075930e+01
7.893523498029708207e+00 2.474125087514553911e+01
7.981691599240432033e+00 2.975430362542282481e+01
8.070844509589058191e+00 3.569695236703676500e+01
8.160993229074732014e+00 4.272456940888932309e+01
8.252148880563030531e+00 5.101541221328549369e+01
8.344322711158335792e+00 6.077348709113663716e+01
8.437526093591539933e+00 7.223169954903343637e+01
8.531770527623262268e+00 8.565530996662251084e+01
8.627067641462717873e+00 1.013457156263736181e+02
8.723429193202457910e+00 1.196445805244888447e+02
8.820867072269118481e+00 1.409383351254666081e+02
8.919393300890378740e+00 1.656630708802192373e+02
9.019020035578309447e+00 1.943098555860636338e+02
9.119759568629284274e+00 2.274305008650216848e+02
9.221624329640647488e+00 2.656438049313113652e+02
9.324626887044317414e+00 3.096423304204335523e+02
9.428779949657531745e+00 3.601996987379707775e+02
9.534096368250894571e+00 4.181785781391628802e+02
9.640589137133961373e+00 4.845391697427921827e+02
9.748271395758516533e+00 5.603486880772990162e+02
9.857156430339761854e+00 6.467913818898344971e+02
9.967257675495623914e+00 7.451793106234875950e+02
1.007858871590435967e+01 8.569660580518875577e+02
1.019116328798068594e+01 9.837550955252947915e+02
1.030499528157061562e+01 1.127325505699922132e+03
1.042009874166525663e+01 1.289629477851417505e+03
1.053648787013369947e+01 1.472829395879033882e+03
1.065417702747533646e+01 1.679331316960589447e+03
1.077318073459167280e+01 1.911685707907633059e+03
1.089351367457797437e+01 2.172957400636879811e+03
1.101519069453494915e+01 2.466152157603811247e+03
1.113822680740058857e+01 2.794771101520477714e+03
1.126263719380255957e+01 3.163605567209893707e+03
1.138843720393120229e+01 3.574643361698950685e+03
1.151564235943353687e+01 4.035988906900715392e+03
1.164426835532832882e+01 4.552583907354556686e+03
1.177433106194264312e+01 5.120901967199438332e+03
1.190584652686993827e+01 5.774027253532620307e+03
1.203883097695011628e+01 6.485523363471319499e+03
1.217330082027159932e+01 7.203908264234048147e+03
1.230927264819587563e+01 8.435848160211391587e+03
1.244676323740453405e+01 7.092739744162436182e+03
1.258578955196929705e+01 5.231888058301265119e+03
1.272636874544504337e+01 4.495949670261134997e+03
1.286851816298633366e+01 3.912550396564860876e+03
1.301225534348746216e+01 3.477413688737487519e+03
1.315759802174651583e+01 3.130127118924399383e+03
1.330456413065350674e+01 2.836812516103931557e+03
1.345317180340305363e+01 2.587838173542816094e+03
1.360343937573165185e+01 2.370901256965738412e+03
1.375538538818006629e+01 2.179930508801415272e+03
1.390902858838087219e+01 2.009936874480745701e+03
1.406438793337165372e+01 1.857153809662758022e+03
1.422148259193394182e+01 1.718844526277197019e+03
1.438033194695837125e+01 1.592825550615858674e+03
1.454095559783616665e+01 1.477296786678949275e+03
1.470337336287743213e+01 1.370920581712321109e+03
1.486760528175634377e+01 1.272514950555081441e+03
1.503367161798378504e+01 1.180933185761661662e+03
1.520159286140746069e+01 1.095974816364445132e+03
1.537138973074006820e+01 1.016369619084480519e+03
1.554308317611558721e+01 9.417273268189632063e+02
1.571669438167423927e+01 8.716032817181594510e+02
1.589224476817620157e+01 8.052521833900628963e+02
1.606975599564463764e+01 7.431542951147880558e+02
1.624924996603811778e+01 6.842062196614195955e+02
1.643074882595303876e+01 6.283457379873715354e+02
1.661427496935606740e+01 5.754156954864611180e+02
1.679985104034726007e+01 5.269133605369298721e+02
1.698749993595390606e+01 4.774542820953168416e+02
1.717724480895570949e+01 4.316392636231590245e+02
1.736910907074139132e+01 3.891141325338916204e+02
1.756311639419731563e+01 3.460781361560050300e+02
1.775929071662833891e+01 3.100754819552544745e+02
1.795765624271123073e+01 2.619913007002524523e+02
1.815823744748119140e+01 3.984207066801810129e+02
1.836105907935160175e+01 6.919205627466687929e+02
1.856614616316765520e+01 7.975589751896457074e+02
1.877352400329390747e+01 9.019107667950150926e+02
1.898321818673651862e+01 9.740168516062432218e+02
1.919525458630018022e+01 1.040285443978154717e+03
1.940965936378047729e+01 1.095619406787036723e+03
1.962645897319173827e+01 1.145519108592465955e+03
1.984568016403109425e+01 1.190442866718435425e+03
2.006734998457887187e+01 1.231319716141216986e+03
2.029149578523595920e+01 1.268998612557001479e+03
2.051814522189832957e+01 1.303891514514263235e+03
2.074732625936939812e+01 1.336753841189730792e+03
2.097906717481033212e+01 1.367761890385899733e+03
2.121339656122908224e+01 1.396577328774138095e+03
2.145034333100819168e+01 1.424400333545362855e+03
2.168993671947219326e+01 1.450828032077176886e+03
2.193220628849468312e+01 1.475149916547181419e+03
2.217718193014586703e+01 1.499521680701556988e+03
2.242489387038063597e+01 1.522480259352988242e+03
2.267537267276806290e+01 1.540659780268550094e+03
2.292864924226234180e+01 1.564005002264327914e+03
2.318475482901604323e+01 1.586619461669182101e+03
2.344372103223577142e+01 1.606376347986643850e+03
2.370557980408108278e+01 1.625772362756996017e+03
2.397036345360676890e+01 1.635279426650138930e+03
2.423810465074933873e+01 1.662509470394289565e+03
2.450883643035787074e+01 1.680291727409017085e+03
2.478259219627004839e+01 1.697491733427675854e+03
2.505940572543357092e+01 1.714089125133274365e+03
2.533931117207373873e+01 1.725067917175789944e+03
2.562234307190744431e+01 1.745999239880362893e+03
2.590853634640441427e+01 1.761364549383117946e+03
2.619792630709580905e+01 1.776437470222367438e+03
2.649054865993123542e+01 1.788848085752802035e+03
2.678643950968411858e+01 1.805105233774324688e+03
2.708563536440657771e+01 1.819000825578487138e+03
2.738817313993379088e+01 1.830454979201169181e+03
2.769409016443891858e+01 1.845751801752889833e+03
2.800342418303868541e+01 1.858688518628880274e+03
2.831621336245054366e+01 1.871803874905671364e+03
2.863249629570186272e+01 1.883320254416538546e+03
2.895231200689157092e+01 1.896024161127188336e+03
2.927569995600520869e+01 1.907124310901440367e+03
2.960270004378350706e+01 1.918490511361636663e+03
2.993335261664561742e+01 1.929643774276133854e+03
3.026769847166706739e+01 1.940576961794335148e+03
3.060577886161355821e+01 1.951150966693326382e+03
3.094763550003076702e+01 1.961484175997036346e+03
3.129331056639124142e+01 1.971847548505138548e+03
3.164284671129849613e+01 1.981052847166243055e+03
3.199628706174954829e+01 1.990976233101314847e+03
3.235367522645594107e+01 2.000647401499916214e+03
3.271505530122447425e+01 2.009840961365482372e+03
3.308047187439774461e+01 2.018906514364460463e+03
3.344997003235577893e+01 2.027389628839263423e+03
3.382359536507880193e+01 2.036021610002090711e+03
3.420139397177241847e+01 2.044348130161200288e+03
3.458341246655534462e+01 2.053397110817645626e+03
3.496969798421100251e+01 2.060394052837367326e+03
3.536029818600300700e+01 2.064113629437315922e+03
3.575526126555590167e+01 2.075635406467934445e+03
3.615463595480135695e+01 2.083162371698006609e+03
3.655847152999101013e+01 2.090097567719220478e+03
3.696681781777618880e+01 2.097166818986595445e+03
3.737972520135586763e+01 2.104156738008815410e+03
3.779724462669295093e+01 2.110757575088428439e+03
3.821942760880032353e+01 2.117053664492245389e+03
3.864632623809681888e+01 2.123472144554516490e+03
3.907799318683444767e+01 2.129785862475765498e+03
3.951448171559713529e+01 2.135832287000072938e+03
3.995584567987237534e+01 2.141817238160887428e+03
4.040213953669591973e+01 2.147678668230839321e+03
4.085341835137106870e+01 2.151909458969671959e+03
4.130973780426263176e+01 2.158504339091261045e+03
4.177115419766716542e+01 2.163821655709560218e+03
4.223772446275953030e+01 2.169083647643250060e+03
4.270950616661749422e+01 2.174031107964137391e+03
4.318655751932433162e+01 2.179036500072028048e+03
4.366893738115118850e+01 2.183804014611508137e+03
4.415670526981929100e+01 2.188623048140350420e+03
4.464992136784362486e+01 2.193081151967567166e+03
4.514864652995832017e+01 2.197467899171273530e+03
4.565294229062515541e+01 2.201718687631655939e+03
4.616287087162601921e+01 2.206102933320606553e+03
4.667849518973984146e+01 2.210080525661401680e+03
4.719987886450569903e+01 2.214116281684876867e+03
4.772708622607220974e+01 2.218084873597321348e+03
4.826018232313504086e+01 2.221877960737162539e+03
4.879923293096260295e+01 2.225952920018870827e+03
4.934430455951186190e+01 2.229311087076975127e+03
4.989546446163436144e+01 2.232697666214748097e+03
5.045278064137432494e+01 2.236173760844477329e+03
5.101632186235902111e+01 2.239588227201940754e+03
5.158615765628326244e+01 2.242917051143462686e+03
5.216235833148828505e+01 2.246126645755922254e+03
5.274499498163682176e+01 2.249206621689318581e+03
5.333413949448469538e+01 2.252163286387527933e+03
5.392986456075078650e+01 2.252821203937515747e+03
5.453224368308565317e+01 2.256713220994799030e+03
5.514135118514077050e+01 2.259527957601699654e+03
5.575726222073862459e+01 2.262272256336693317e+03
5.638005278314565771e+01 2.263953996516826464e+03
5.700979971444838412e+01 2.268916614651009240e+03
5.764658071503466630e+01 2.271510075216454879e+03
5.829047435318040726e+01 2.273910172064053768e+03
5.894156007474381909e+01 2.277154700306308314e+03
5.959991821296751624e+01 2.278692649020836598e+03
6.026562999839052992e+01 2.280961624659112658e+03
6.093877756887059860e+01 2.283356601033034167e+03
6.161944397971883092e+01 2.286596234675342203e+03
6.230771321394716011e+01 2.284223111616925053e+03
6.300367019263068613e+01 2.286414892382425478e+03
6.370740078538528195e+01 2.291644763269028772e+03
6.441899182096275922e+01 2.293785531697712486e+03
6.513853109796383478e+01 2.295554846523586548e+03
6.586610739567129258e+01 2.297416991324989340e+03
6.660181048500362522e+01 2.299204972760637702e+03
6.734573113959154966e+01 2.301220266610909221e+03
6.809796114697768132e+01 2.302793965984349143e+03
6.885859331994194577e+01 2.304557300466404286e+03
6.962772150795278492e+01 2.305431332594159812e+03
7.040544060874697152e+01 2.307345687202687259e+03
7.119184658003810284e+01 2.309375988822107956e+03
7.198703645135653062e+01 2.310932600960778473e+03
7.279110833602092612e+01 2.312360796374745405e+03
7.360416144324393883e+01 2.313845862108455094e+03
7.442629609037311411e+01 2.315341686484202910e+03
7.525761371526813548e+01 2.316833122313258627e+03
7.609821688881689283e+01 2.318159928921383653e+03
7.694820932759070331e+01 2.319362942444487544e+03
7.780769590664156965e+01 2.320638022016778905e+03
7.867678267244167500e+01 2.322131922346239662e+03
7.955557685596815531e+01 2.323283540607634677e+03
8.044418688593324873e+01 2.324531773392593095e+03
8.134272240216296268e+01 2.324800833194075949e+03
8.225129426912450015e+01 2.326932474446774449e+03
8.317001458960538685e+01 2.325166868158211400e+03
8.409899671854488190e+01 2.329078805502704654e+03
8.503835527702031527e+01 2.330150157334316646e+03
8.598820616638919034e+01 2.331108283189699250e+03
8.694866658258980863e+01 2.331077094696898257e+03
8.791985503060097074e+01 2.333189138986686885e+03
8.890189133906388008e+01 2.332875038359758946e+03
8.989489667506670401e+01 2.335243932709366163e+03
9.089899355909490453e+01 2.336131992821120093e+03
9.191430588014790715e+01 2.334884595627973340e+03
9.294095891102534779e+01 2.337958191999588507e+03
9.397907932378325313e+01 2.338835915605284754e+03
9.502879520536369284e+01 2.337227473813869892e+03
9.609023607339820217e+01 2.340208080893960869e+03
9.716353289218851330e+01 2.336345099649985968e+03
9.824881808886500778e+01 2.342212779647638854e+03
9.934622556972644247e+01 2.342847516000686937e+03
1.004558907367613045e+02 2.341880711353119295e+03
1.015779505043546749e+02 2.344522204726009022e+03
1.027125433161809696e+02 2.345281880482630186e+03
1.038598091622853161e+02 2.345850418797353086e+03
1.050198895963566628e+02 2.335636236578295666e+03
1.061929277531926488e+02 2.345711972896512179e+03
1.073790683663604284e+02 2.347982365768756154e+03
1.085784577860538604e+02 2.349086393669669178e+03
1.097912439971513976e+02 2.349617805754897290e+03
1.110175766374745763e+02 2.349813361588348016e+03
1.122576070162510575e+02 2.350433606990688531e+03
1.135114881327832137e+02 2.351248215087955032e+03
1.147793746953264105e+02 2.352357580735048487e+03
1.160614231401771548e+02 2.352178864194303969e+03
1.173577916509743631e+02 2.354066743799459346e+03
1.186686401782173164e+02 2.352506262023753152e+03
1.199941304590004592e+02 2.352965749833863811e+03
1.213344260369693473e+02 2.354223705955239438e+03
1.226896922824986831e+02 2.354816061457511296e+03
1.240600964130971136e+02 2.355340752249871002e+03
1.254458075140385489e+02 2.355836687469102344e+03
1.268469965592247917e+02 2.356628808109196143e+03
1.282638364322803852e+02 2.356770436656013317e+03
1.296965019478843431e+02 2.357238294928958567e+03
1.311451698733389151e+02 2.357640631172984286e+03
1.326100189503800095e+02 2.358035293282544899e+03
1.340912299172304074e+02 2.358521431047489386e+03
1.355889855309007146e+02 2.358941786082041745e+03
1.371034705897380661e+02 2.359401495238617372e+03
1.386348719562273857e+02 2.359850215463020959e+03
1.401833785800466501e+02 2.359654139166095774e+03
1.417491815213809900e+02 2.360584228749905833e+03
1.433324739744956844e+02 2.360932695089367371e+03
1.449334512915736752e+02 2.361321841772316930e+03
1.465523110068180017e+02 2.361147431465804402e+03
1.481892528608252064e+02 2.361824833753945313e+03
1.498444788252295439e+02 2.362373503202278243e+03
1.515181931276230785e+02 2.362780626305790065e+03
1.532106022767535762e+02 2.363167271036253624e+03
1.549219150880049938e+02 2.363381088533943057e+03
1.566523427091614451e+02 2.363711777802486722e+03
1.584020986464595069e+02 2.364071548421817170e+03
1.601713987909308230e+02 2.364335024412690473e+03
1.619604614450404370e+02 2.364583588460375267e+03
1.637695073496210512e+02 2.365003452668289356e+03
1.655987597111091816e+02 2.364638536774095883e+03
1.674484442290843731e+02 2.365466431326803104e+03
1.693187891241180125e+02 2.363478192929973375e+03
1.712100251659310572e+02 2.365471608145187474e+03
1.731223857018678132e+02 2.366273244890397109e+03
1.750561066856862453e+02 2.366529314658526800e+03
1.770114267066719265e+02 2.365826427205398886e+03
1.789885870190753394e+02 2.366505990633258079e+03
1.809878315718789565e+02 2.367345945956574269e+03
1.830094070388958869e+02 2.367574974554021537e+03
1.850535628492063438e+02 2.367807503340813582e+03
1.871205512179326149e+02 2.368104635794039950e+03
1.892106271773576793e+02 2.368298252924248573e+03
1.913240486083930705e+02 2.368257700366067638e+03
1.934610762723964115e+02 2.368126583185339314e+03
1.956219738433454154e+02 2.369081320175345809e+03
1.978070079403701982e+02 2.368893884935014285e+03
2.000164481606507536e+02 2.369311484186122925e+03
2.022505671126801303e+02 2.369635311943118722e+03
2.045096404499001039e+02 2.368483859575590031e+03
2.067939469047115608e+02 2.369885104598267844e+03
2.091037683228665855e+02 2.368627623006760132e+03
2.114393896982429624e+02 2.370305453166765346e+03
2.138010992080078836e+02 2.370472960195923861e+03
2.161891882481735934e+02 2.369636290081479274e+03
2.186039514695520438e+02 2.370857571395785726e+03
2.210456868141091320e+02 2.370924471935149086e+03
2.235146955517262768e+02 2.370597489077683804e+03
2.260112823173712115e+02 2.370467914750039199e+03
2.285357551486862633e+02 2.371539532315554879e+03
2.310884255239942888e+02 2.370449707889439651e+03
2.336696084007303114e+02 2.371837194741043731e+03
2.362796222543012448e+02 2.371046310309809996e+03
2.389187891173818628e+02 2.371967624831344892e+03
2.415874346196474107e+02 2.372050977840755422e+03
2.442858880279513869e+02 2.372430783740880543e+03
2.470144822869506243e+02 2.372547519017626200e+03
2.497735540601867399e+02 2.372253440944074100e+03
2.525634437716238665e+02 2.372574976506138682e+03
2.553844956476517609e+02 2.373006612205816509e+03
2.582370577595567624e+02 2.373063183186847255e+03
2.611214820664694685e+02 2.373205382710637878e+03
2.640381244587898095e+02 2.373306109961489256e+03
2.669873448020983915e+02 2.373314751142824207e+03
2.699695069815571742e+02 2.373245243705662233e+03
2.729849789468081553e+02 2.373303157625385211e+03
2.760341327573715375e+02 2.373814843383974676e+03
2.791173446285521322e+02 2.373335665975341271e+03
2.822349949778569567e+02 2.373615976738723930e+03
2.853874684719342554e+02 2.374150402792408386e+03
2.885751540740340033e+02 2.374238787120314555e+03
2.917984450919998380e+02 2.374354179783998006e+03
2.950577392267958317e+02 2.374487238149598852e+03
2.983534386215779364e+02 2.374562004506612084e+03
3.016859499113108996e+02 2.374655680029459290e+03
3.050556842729394589e+02 2.374370202239697846e+03
3.084630574761225716e+02 2.374724784643623025e+03
3.119084899345312465e+02 2.374984513073236485e+03
3.153924067577215737e+02 2.375078406843265384e+03
3.189152378035845459e+02 2.374745823482634023e+03
3.224774177313856285e+02 2.375256390793096216e+03
3.260793860553932859e+02 2.375253505994644456e+03
3.297215871991082281e+02 2.375388378370134433e+03
3.334044705500967893e+02 2.375492362276278527e+03
3.371284905154399212e+02 2.375566730873574215e+03
3.408941065777981976e+02 2.375671863565098192e+03
3.447017833521049965e+02 2.375766992561239022e+03
3.485519906428909849e+02 2.375819507816946498e+03
3.524452035022524683e+02 2.375340081915413066e+03
3.563819022884632659e+02 2.375351252677494813e+03
3.603625727252440925e+02 2.376026906967695595e+03
3.643877059616911538e+02 2.376127223082320143e+03
3.684577986328781662e+02 2.376211572116944808e+03
3.725733529211312884e+02 2.375588487089311002e+03
3.767348766179912332e+02 2.376348064219041134e+03
3.809428831868644352e+02 2.376380176094306535e+03
3.851978918263784522e+02 2.376439016888991773e+03
3.895004275344411440e+02 2.373913588822008478e+03
3.938510211730172728e+02 2.376193744264222460e+03
3.982502095336266166e+02 2.373471822791238537e+03
4.026985354035776368e+02 2.376550606402825906e+03
4.071965476329368698e+02 2.376738497850770273e+03
4.117448012022487092e+02 2.375933912437086747e+03
4.163438572910092716e+02 2.376073103077584165e+03
4.209942833469092420e+02 2.376910939700373092e+03
4.256966531558457518e+02 2.377003976798745043e+03
4.304515469127189249e+02 2.377031813589425838e+03
4.352595512930170116e+02 2.377034263520708464e+03
4.401212595252044366e+02 2.377069270306123144e+03
4.450372714639152605e+02 2.376827962439470411e+03
4.500081936639659261e+02 2.377232731616931687e+03
4.550346394551924050e+02 2.376930161954254800e+03
4.601172290181276026e+02 2.376980044284721316e+03
4.652565894605197627e+02 2.377028909366076732e+03
4.704533548947080703e+02 2.376604082486808238e+03
4.757081665158597730e+02 2.377408606018920182e+03
4.810216726810857608e+02 2.377170380756406757e+03
4.863945289894360826e+02 2.377552822361189101e+03
4.918273983627883013e+02 2.376867981696753759e+03
4.973209511276442640e+02 2.377499046026472570e+03
5.028758650978350602e+02 2.377491943756839646e+03
5.084928256581534356e+02 2.377557584413388213e+03
5.141725258489167345e+02 2.377862764210334262e+03
5.199156664514797512e+02 2.377883719425463823e+03
5.257229560746975494e+02 2.377512355960123841e+03
5.315951112423571203e+02 2.377934737287503594e+03
5.375328564815827121e+02 2.378226849759788365e+03
5.435369244122332475e+02 2.377868241424458120e+03
5.496080558372938185e+02 2.378031675326717959e+03
5.557469998342795634e+02 2.378082995953197951e+03
5.619545138476569264e+02 2.378158824108686986e+03
5.682313637823039016e+02 2.378175652415915010e+03
5.745783240980071014e+02 2.378224857457905728e+03
5.809961779050184987e+02 2.377842869958605661e+03
5.874857170606767340e+02 2.377991076382805659e+03
5.940477422671119712e+02 2.378409919169823297e+03
6.006830631700370304e+02 2.378039794713628908e+03
6.073924984586464006e+02 2.378322887020203325e+03
6.141768759666251754e+02 2.378383595165517818e+03
6.210370327742949712e+02 2.378428431113653915e+03
6.279738153118927357e+02 2.378454548258262093e+03
6.349880794640077966e+02 2.378521428972236663e+03
6.420806906751809038e+02 2.378541726421985913e+03
6.492525240566905040e+02 2.378557780807991548e+03
6.565044644945235177e+02 2.378562216668210567e+03
6.638374067585576768e+02 2.378286401334903530e+03
6.712522556129584927e+02 2.378657022602719280e+03
6.787499259278160935e+02 2.378655264416112459e+03
6.863313427920227241e+02 2.378704163929083734e+03
6.939974416274145597e+02 2.378428753951900035e+03
7.017491683041845363e+02 2.378745711468242462e+03
7.095874792575916672e+02 2.378770689782727459e+03
7.175133416059662750e+02 2.378780993778842912e+03
7.255277332700380839e+02 2.378475674626367436e+03
7.336316430935921744e+02 2.378170144743273340e+03
7.418260709654809943e+02 2.378842109401717607e+03
7.501120279429907214e+02 2.378848548689305062e+03
7.584905363765909669e+02 2.377982796431056158e+03
7.669626300360724827e+02 2.377742949034953654e+03
7.755293542381022007e+02 2.378408186870959071e+03
7.841917659751958354e+02 2.378872675348691246e+03
7.929509340461306692e+02 2.378985612708378085e+03
8.018079391878226261e+02 2.379016655769544741e+03
8.107638742086683123e+02 2.378995201261599959e+03
8.198198441233807898e+02 2.378581840346617355e+03
8.289769662893273789e+02 2.379062892888473016e+03
8.382363705443978006e+02 2.379073616682981992e+03
8.475991993464041343e+02 2.378822508178548560e+03
8.570666079140432885e+02 2.377374684248070480e+03
8.666397643694281214e+02 2.378859065343070597e+03
8.763198498822200690e+02 2.378876872643094885e+03
8.861080588153619146e+02 2.379163835171066694e+03
8.960055988724451481e+02 2.379218976398557970e+03
9.060136912467160073e+02 2.379172597027728443e+03
9.161335707717568084e+02 2.379132389614965177e+03
9.263664860738404059e+02 2.379114288218309866e+03
9.367136997259912050e+02 2.379135529657555708e+03
9.471764884037629599e+02 2.378982628771618238e+03
9.577561430427647338e+02 2.202457227841888653e+03
9.684539689979370678e+02 2.379375981257612239e+03
9.792712862046136024e+02 2.379428659345979213e+03
9.902094293413755395e+02 2.379590597400439947e+03
1.001269747994733962e+03 2.379472477696313490e+03
1.012453606825643760e+03 2.379278271433096506e+03
1.023762385737881573e+03 2.379285852488922046e+03
1.035197480048299212e+03 2.379381048380167613e+03
1.046760300658989081e+03 2.379394500691684243e+03
1.058452274231361798e+03 2.379443362628245723e+03
1.070274843362175488e+03 2.379861170857925572e+03
1.082229466761522872e+03 2.378998716005092319e+03
1.094317619432820266e+03 2.379468878669556489e+03
1.106540792854792244e+03 2.379280439158425906e+03
1.118900495165499933e+03 2.379487113457617852e+03
1.131398251348413851e+03 2.378963872045925200e+03
1.144035603420580401e+03 2.360622588172541327e+03
1.156814110622874978e+03 2.379537958741382226e+03
1.169735349612390564e+03 2.379354204690433107e+03
1.182800914656965006e+03 2.379517515167162856e+03
1.196012417831895618e+03 2.379552243342006932e+03
1.209371489218837496e+03 2.379558841522004968e+03
1.222879777106931215e+03 2.379537242495513965e+03
1.236538948196169258e+03 2.379201573631498832e+03
1.250350687803047322e+03 2.379584035748914175e+03
1.264316700068500268e+03 2.379593848960223113e+03
1.278438708168162066e+03 2.379410965444049907e+03
1.292718454524983599e+03 2.379649226275911587e+03
1.307157701024214930e+03 2.379604790448403946e+03
1.321758229230795450e+03 2.379637144587194143e+03
1.336521840609163064e+03 2.379641423635425781e+03
1.351450356745535146e+03 2.379666600209198350e+03
1.366545619572655141e+03 2.379656909296834328e+03
1.381809491597060514e+03 2.379672659672925874e+03
1.397243856128879088e+03 2.379679754711316491e+03
1.412850617514206988e+03 2.379492764113920202e+03
1.428631701370069095e+03 2.379705690830755884e+03
1.444589054822008848e+03 2.379701990382642180e+03
1.460724646744328538e+03 2.379517324233835097e+03
1.477040468003021942e+03 2.379729729112329096e+03
1.493538531701410648e+03 2.379533018966635154e+03
1.510220873428529558e+03 2.379725450982882649e+03
1.527089551510279307e+03 2.379322172994781340e+03
1.544146647263399245e+03 2.379746488764226342e+03
1.561394265252260311e+03 2.379806957702058298e+03
1.578834533548538502e+03 2.379771198959082540e+03
1.596469603993775991e+03 2.379752814588806359e+03
1.614301652464892641e+03 2.379765887062633283e+03
1.632332879142647698e+03 2.379778951838549347e+03
1.650565508783108498e+03 2.379837525818128597e+03
1.669001790992142332e+03 2.379808912371926908e+03
1.687644000502990139e+03 2.379359678171982068e+03
1.706494437456925425e+03 2.379800949814422438e+03
1.725555427687055953e+03 2.379475780401394786e+03
1.744829323005287051e+03 2.379629127450422402e+03
1.764318501492506812e+03 2.379635149652738619e+03
1.784025367791994995e+03 2.379641088331143692e+03
1.803952353406119983e+03 2.379508366193668280e+03
1.824101916996337877e+03 2.379299591172492455e+03
1.844476544686563784e+03 2.379658259232928685e+03
1.865078750369909130e+03 2.379663818967867428e+03
1.885911076018859376e+03 2.379676897643556458e+03
1.906976091998903712e+03 2.379957426589317947e+03
1.928276397385687460e+03 2.379950650934961232e+03
1.949814620285686942e+03 2.379968089150558171e+03
1.971593418160478677e+03 2.379724418449774475e+03
1.993615478154618813e+03 2.379420721691712970e+03
2.015883517427203969e+03 2.379270510198598004e+03
2.038400283487117122e+03 2.380027417681400038e+03
2.061168554532020607e+03 2.379966713396256637e+03
2.084191139791150817e+03 2.379927586741561754e+03
2.107470879871922534e+03 2.379718904929380642e+03
2.131010647110418176e+03 2.379871539686473170e+03
2.154813345925776503e+03 2.379943503440401855e+03
2.178881913178565355e+03 2.379812435425168587e+03
2.203219318533131172e+03 2.379899808572580241e+03
2.227828564824011664e+03 2.379811175511673355e+03
2.252712688426426666e+03 2.379744879177099392e+03
2.277874759630931749e+03 2.379967905359317228e+03
2.303317883022230944e+03 2.379752937391150226e+03
2.329045197862235909e+03 2.379756910304461144e+03
2.355059878477390612e+03 2.379760742204212420e+03
2.381365134650344771e+03 2.380038115708983696e+03
2.407964212015977864e+03 2.379973716597739894e+03
2.434860392461862830e+03 2.379672416155675364e+03
2.462056994533186298e+03 2.380044768251117148e+03
2.489557373842217658e+03 2.379950820413152996e+03
2.517364923482325594e+03 2.379989747924449148e+03
2.545483074446635783e+03 2.379791800467375197e+03
2.573915296051348832e+03 2.379986117147360801e+03
2.602665096363810790e+03 2.380337224964704092e+03
2.631736022635341669e+03 2.379852629831120339e+03
2.661131661738912044e+03 2.379542923365010211e+03
2.690855640611695435e+03 2.380001640282146582e+03
2.720911626702585181e+03 2.379997203406171138e+03
2.751303328424689880e+03 2.379983976599875859e+03
2.782034495612893352e+03 2.379825125567119358e+03
2.813108919986513683e+03 2.379871130363905650e+03
2.844530435617152307e+03 2.379817524575452808e+03
2.876302919401747658e+03 2.380019784544619142e+03
2.908430291540923463e+03 2.380017487654548404e+03
2.940916516022667111e+03 2.379665223794717804e+03
2.973765601111434989e+03 2.380022917176099327e+03
3.006981599842698870e+03 2.379883480665861953e+03
3.040568610523025654e+03 2.379621495459026391e+03
3.074530777235730511e+03 2.379983929767010068e+03
3.108872290352206164e+03 2.379262401477377807e+03
3.143597387048935161e+03 2.380048351275576351e+03
3.178710351830290165e+03 2.380025304904912446e+03
3.214215517057162288e+03 2.380214348745861571e+03
3.250117263481519331e+03 2.380054851494466675e+03
3.286420020786911209e+03 2.379960856490064543e+03
3.323128268135007147e+03 2.380003656174317257e+03
3.360246534718272414e+03 2.379912211606037090e+03
3.397779400318782791e+03 2.379654391105447303e+03
3.435731495873298627e+03 2.380068515925501288e+03
3.474107504044634425e+03 2.380135918216409664e+03
3.512912159799443089e+03 2.379912762050480524e+03
3.552150250992416659e+03 2.380077419214676866e+03
3.591826618957039045e+03 2.380064363131404207e+03
3.631946159102908950e+03 2.380101141635094336e+03
3.672513821519775775e+03 2.380204264159755894e+03
3.713534611588286225e+03 2.380434535591255553e+03
3.755013590597570328e+03 2.379839368314385410e+03
3.796955876369707312e+03 2.380129310318130138e+03
3.839366643891203694e+03 2.379936560447873489e+03
3.882251125951485847e+03 2.380059766408271116e+03
3.925614613788546194e+03 2.380078557183636804e+03
3.969462457741780327e+03 2.379813014297204973e+03
4.013800067912155555e+03 2.380217089894287710e+03
4.058632914829709534e+03 2.379945317550505024e+03
4.103966530128533122e+03 2.380204680240939524e+03
4.149806507229267481e+03 2.380423257829628710e+03
4.196158502029261399e+03 2.379950219564043891e+03
4.243028233600402018e+03 2.379951839942736115e+03
4.290421484894763125e+03 2.379953388090819772e+03
4.338344103458104655e+03 2.379607592131710589e+03
4.386802002151395754e+03 2.380632139035007640e+03
4.435801159880338673e+03 2.380186968276340394e+03
4.485347622333085383e+03 2.380046633395224944e+03
4.535447502726150560e+03 2.365368709864052562e+03
4.586106982558710115e+03 2.379962209010910556e+03
4.637332312375282527e+03 2.379911480852595560e+03
4.689129812536945792e+03 2.379964966626275327e+03
4.741505874001153643e+03 2.379966284827193704e+03
4.794466959110295647e+03 2.380140354323837528e+03
4.848019602389031206e+03 2.380042522568226559e+03
4.902170411350545692e+03 2.379970170731075541e+03
4.956926067311796032e+03 2.379971423053279977e+03
5.012293326217898539e+03 2.380094793465048042e+03
5.068279019475682617e+03 2.379857542219134757e+03
5.124890054796587719e+03 2.379975031236388531e+03
5.182133417048934461e+03 2.399249179090647885e+03
5.240016169119778169e+03 2.374781646773570174e+03
5.298545452786334863e+03 2.380117054128747441e+03
5.357728489597143380e+03 2.380019528616413936e+03
5.417572581763117341e+03 2.379844933006258543e+03
5.478085113058494244e+03 2.380021720918895426e+03
5.539273549731888124e+03 2.380257238313047765e+03
5.601145441427471269e+03 2.379983977794716793e+03
5.663708422116515067e+03 2.380024804577135910e+03
5.726970211039273636e+03 2.380013890409645683e+03
5.790938613657417591e+03 2.380124830895383184e+03
5.855621522617080700e+03 2.380148234575200149e+03
5.921026918722717710e+03 2.380125949020103690e+03
5.987162871921775150e+03 2.380102812882332728e+03
6.054037542300407040e+03 2.380134848987801433e+03
6.121659181090268248e+03 2.380099821430569591e+03
6.190036131686619228e+03 2.380032433703964216e+03
6.259176830677734870e+03 2.380154278162742230e+03
6.329089808885856655e+03 2.380090985027712122e+03
6.399783692419729050e+03 2.380128970759544245e+03
6.471267203738955686e+03 2.380150496749215108e+03
6.543549162730183525e+03 2.379925186447588203e+03
6.616638487795345100e+03 2.380037480879067061e+03
6.690544196952011589e+03 2.379918288131117606e+03
6.765275408946112293e+03 2.380078433866675368e+03
6.840841344377006862e+03 2.380169963777931571e+03
6.917251326835174041e+03 2.379966018972354959e+03
6.994514784052554205e+03 2.380041336318553022e+03
7.072641249065823104e+03 2.380130333299222002e+03
7.151640361392582236e+03 2.380125428729538271e+03
7.231521868220728720e+03 2.379978308388880123e+03
7.312295625611072865e+03 2.380155107979779132e+03
7.393971599713452633e+03 2.379933493369668668e+03
7.476559867996363209e+03 2.380160300065544561e+03
7.560070620490369038e+03 2.379984172018972913e+03
7.644514161045354740e+03 2.380121534474089458e+03
7.729900908601889569e+03 2.380110940846624544e+03
7.816241398476731774e+03 2.380116947250327485e+03
7.903546283662721180e+03 2.380097745659489647e+03
7.991826336143154549e+03 2.380086318850112093e+03
8.081092448220917504e+03 2.380110660839204229e+03
8.171355633862393915e+03 2.380171068635797837e+03
8.262627030056375588e+03 2.380144390153581753e+03
8.354917898188243271e+03 2.380051684719384411e+03
8.448239625429392618e+03 2.380061296156665321e+03
8.542603726142246160e+03 2.380121670020512283e+03
8.638021843300901310e+03 2.380089548950647441e+03
8.734505749927731813e+03 2.380120116813639925e+03
8.832067350545945374e+03 2.380679368118398997e+03
8.930718682648432150e+03 2.380048429845764076e+03
9.030471918182953232e+03 2.380066314937892912e+03
9.131339365054007430e+03 2.380055955050899684e+03
9.233333468641396394e+03 2.380153011542487548e+03
9.336466813335789993e+03 2.381558739379505823e+03
9.440752124091399310e+03 2.380057389925111693e+03
9.546202267996080991e+03 2.380057831035468098e+03
9.652830255858889359e+03 2.380058282687929932e+03
9.760649243815407317e+03 2.380058729163390126e+03
9.869672534950967020e+03 2.380059170537580030e+03
9.979913580942082262e+03 2.380155632961966603e+03
1.009138598371612716e+04 2.376677593921343487e+03
1.020410349712961215e+04 2.382536199232763920e+03
1.031808002866512834e+04 2.380060901273400759e+03
1.043332964114741480e+04 2.380040068034991691e+03
1.054986655447835074e+04 2.380061694080829966e+03
1.066770514739150894e+04 2.380162536080685641e+03
1.078685995922632537e+04 2.379990743927543008e+03
1.090734569172188822e+04 2.380122060052183770e+03
1.102917721083094148e+04 2.380063234953272513e+03
1.115236954855418298e+04 2.380063587742325126e+03
1.127693790479479503e+04 2.380063982279673837e+03
1.140289764923404800e+04 2.380055798394738758e+03
1.153026432322750770e+04 2.380064666037595998e+03
1.165905364172264490e+04 2.380065002407024167e+03
1.178928149519787985e+04 2.380065359948512196e+03
1.192096395162305453e+04 2.379953665217207799e+03
1.205411725844203283e+04 2.380153724446660817e+03
1.218875784457743976e+04 2.379987891269685861e+03
1.232490232245754305e+04 2.380146929426978204e+03
1.246256749006615610e+04 2.379724726487551834e+03
1.260177033301505980e+04 2.380067299232388450e+03
1.274252802663981129e+04 2.379652614664320481e+03
1.288485793811898293e+04 2.380142357872976390e+03
1.302877762861683368e+04 2.380159499442410379e+03
1.317430485545013653e+04 2.380068466964949039e+03
1.332145757427922035e+04 2.379934903768129516e+03
1.347025394132324982e+04 2.380158957515186103e+03
1.362071231560047090e+04 2.380080609626315436e+03
1.377285126119350753e+04 2.380163634783139514e+03
1.392668954953965840e+04 2.379896941128577510e+03
1.408224616174721268e+04 2.380148897481185031e+03
1.423954029093720783e+04 2.380098512110437241e+03
1.439859134461162284e+04 2.380160377606483507e+03
1.455941894704804145e+04 2.379101000928133999e+03
1.472204294172078517e+04 2.380099268032576219e+03
1.488648339374934949e+04 2.380099467164248381e+03
1.505276059237421759e+04 2.380031585871999141e+03
1.522089505345998805e+04 2.380148389942612539e+03
1.539090752202694966e+04 2.380100197062241932e+03
1.556281897481045962e+04 2.380157221939126430e+03
1.573665062284920896e+04 2.379999673890333725e+03
1.591242391410242271e+04 2.380131372754862696e+03
1.609016053609598566e+04 2.380124333430531351e+03
1.626988241859842492e+04 2.380131455353718593e+03
1.645161173632678037e+04 2.380169612171459448e+03
1.663537091168235565e+04 2.380170394750927699e+03
1.682118261751757018e+04 2.380101899482618137e+03
1.700906977993314285e+04 2.380215444733545610e+03
1.719905558110692436e+04 2.380203751033677236e+03
1.739116346215427984e+04 2.380140062039437453e+03
1.758541712602014377e+04 2.380135832516794380e+03
1.778184054040366755e+04 2.380102820871237327e+03
1.798045794071554337e+04 2.380103022752179186e+03
1.818129383306801174e+04 2.380103175996858681e+03
1.838437299729880033e+04 2.380103352661117697e+03
1.858972049002828135e+04 2.380074900135442931e+03
1.879736164775116777e+04 2.380103678669775036e+03
1.900732208996272311e+04 2.380103845679431288e+03
1.921962772231956478e+04 2.380104039378029483e+03
1.943430473983609772e+04 2.380179677149749295e+03
1.965137963011668398e+04 2.380104344207788927e+03
1.987087917662348264e+04 2.380104474849587859e+03
2.009283046198141528e+04 2.380169164457185161e+03
2.031726087131942404e+04 2.380138633112191656e+03
2.054419809564948446e+04 2.380141926049798712e+03
2.077367013528332245e+04 2.380177035496997178e+03
2.100570530328695895e+04 2.377650517161728658e+03
2.124033222897418818e+04 2.380124643302706318e+03
2.147757986143910603e+04 2.380163735851620459e+03
2.171747747312767024e+04 2.380095227319542573e+03
2.196005466344959132e+04 2.380036153119101982e+03
2.220534136243052853e+04 2.380125719337816918e+03
2.245336783440466388e+04 2.380106057325644542e+03
2.270416468174915644e+04 2.380106159965765528e+03
2.295776284865968773e+04 2.380106276133793472e+03
2.321419362496857138e+04 2.380066721245299050e+03
2.347348865000556543e+04 2.380057718628723705e+03
2.373567991650134718e+04 2.380182463369475499e+03
2.400079977453502943e+04 2.379963621052950657e+03
2.426888093552579085e+04 2.380028041611628851e+03
2.453995647626856589e+04 2.379987698022224777e+03
2.481405984301557328e+04 2.380182749871056330e+03
2.509122485560268979e+04 2.380157500205519682e+03
2.537148571162240478e+04 2.380171855862269240e+03
2.565487699064339904e+04 2.380181549525992068e+03
2.594143365847677705e+04 2.380192333110817344e+03
2.623119107149043339e+04 2.380059862747461466e+03
2.652418498097159681e+04 2.380107732104098432e+03
2.682045153753758859e+04 2.380163970063543729e+03
2.712002729559662839e+04 2.380127819986596933e+03
2.742294921785767656e+04 2.380108028706635650e+03
2.772925467989118260e+04 2.380108119085073213e+03
2.803898147474078360e+04 2.380108195071956743e+03
2.835216781758600337e+04 2.380173946948134926e+03
2.866885235045754234e+04 2.380181420576322580e+03
2.898907414700524896e+04 2.380169951957812827e+03
2.931287271731874716e+04 2.380160698729496289e+03
2.964028801280281186e+04 2.380063771008503863e+03
2.997136043110628452e+04 2.380154207078474428e+03
3.030613082110666073e+04 2.380132259709670507e+03
3.064464048795036069e+04 2.329332369411636137e+03
3.098693119814872261e+04 2.331958635654663794e+03
3.133304518473148710e+04 2.329894123274823414e+03
3.168302515245785617e+04 2.332092756331630881e+03
3.203691428308510513e+04 2.332424091961193426e+03
3.239475624069701007e+04 2.333501802777423109e+03
3.275659517709082866e+04 2.380160952344574071e+03
3.312247573722509696e+04 2.380176280368249536e+03
3.349244306472827884e+04 2.380129408834354763e+03
3.386654280746833683e+04 2.380188517858215619e+03
3.424482112318516010e+04 2.380259054474164714e+03
3.462732468518582755e+04 2.380100268602631786e+03
3.501410068810294615e+04 2.380159875947063483e+03
3.540519685371787637e+04 2.380146047505985280e+03
3.580066143684904819e+04 2.380176193743017848e+03
3.620054323130528064e+04 2.380129874363171439e+03
3.660489157590675313e+04 2.380129934603693528e+03
3.701375636057204247e+04 2.380129984020616121e+03
3.742718803247397591e+04 2.380153724686384976e+03
3.784523760226417653e+04 2.380091248039188940e+03
3.826795665036651917e+04 2.380130157215884992e+03
3.869539733334147604e+04 2.380130059226966750e+03
3.912761239032167941e+04 2.380130265535332910e+03
3.956465514951844671e+04 2.380130311993543728e+03
4.000657953480229480e+04 2.380176705521038457e+03
4.045344007235563913e+04 2.380181535926240485e+03
4.090529189740072616e+04 2.378582559336110080e+03
4.136219076100260281e+04 2.380150602054246065e+03
4.182419303694741393e+04 2.380192860495301375e+03
4.229135572869824682e+04 2.380130653292571424e+03
4.276373647642866126e+04 2.380130689789485587e+03
4.324139356413393398e+04 2.380175214139541367e+03
4.372438592682306626e+04 2.380130775115248525e+03
4.421277315778975026e+04 2.380180587764007214e+03
4.470661551596545178e+04 2.380130883310438094e+03
4.520597393335468223e+04 2.380130906135888381e+03
4.571091002255243075e+04 2.380130996646556923e+03
4.622148608434640482e+04 2.380131020174236710e+03
4.673776511540423235e+04 2.380131055443956484e+03
4.725981081604553765e+04 2.380175025299715799e+03
4.778768759810226038e+04 2.380131147837275876e+03
4.832146059286536183e+04 2.380189948363277836e+03
4.886119565912122198e+04 2.380131226929400327e+03
4.940695939127784368e+04 2.380119820309525949e+03
4.995881912758089311e+04 2.380231451444229151e+03
5.051684295842243591e+04 2.380223168735900344e+03
5.108109973474247818e+04 2.380208929959675515e+03
5.165165907652330498e+04 2.380174573196819438e+03
5.222859138138028356e+04 2.380131510300494483e+03
5.281196783324703574e+04 2.380131345629226871e+03
5.340186041115865373e+04 2.380164776688964139e+03
5.399834189813307603e+04 2.380165676257244286e+03
5.460148589015065227e+04 2.380131470840213296e+03
5.521136680523499672e+04 2.380131627888156800e+03
5.582805989263529045e+04 2.380145711790142286e+03
5.645164124211010494e+04 2.380131674541346911e+03
5.708218779331599217e+04 2.380131718439762608e+03
5.771977734530088492e+04 2.380121386874945983e+03
5.836448856610241637e+04 2.380159533091875346e+03
5.901640100245521171e+04 2.380131803275785387e+03
5.967559508960480161e+04 2.380131843913111425e+03
6.034215216123233404e+04 2.380147395922168016e+03
6.101615445949023706e+04 2.380131877609772800e+03
6.169768514514876006e+04 2.341775858269285436e+03
6.238682830785703118e+04 2.380131950568879802e+03
6.308366897651868931e+04 2.380124535940212354e+03
6.378829312978220696e+04 2.380132033255789338e+03
6.450078770665021148e+04 2.380131977392054523e+03
6.522124061720546160e+04 2.380132011288807917e+03
6.594974075345785241e+04 2.380188661303894150e+03
