0.000000000000000000e+00 0.000000000000000000e+00
2.637159822160536904e-01 7.689044468513563145e-04
2.670177006281113097e-01 8.120886288464153509e-04
2.703607564835082133e-01 8.576805803808553418e-04
2.737456673261438600e-01 9.058135456625118070e-04
2.771729571795562563e-01 9.566280818900608704e-04
2.806431566280464529e-01 1.010272327250732799e-03
2.841568028988198935e-01 1.066902686738679159e-03
2.877144399451549428e-01 1.126684470996131395e-03
2.913166185306132472e-01 1.189791057150849096e-03
2.949638963143044190e-01 1.256406150728954334e-03
2.986568379372180337e-01 1.326722962920873911e-03
3.023960151096366511e-01 1.400946003457456462e-03
3.061820066996434053e-01 1.479289970777581320e-03
3.100153988227372093e-01 1.561981870122131728e-03
3.138967849325705051e-01 1.649260901042140254e-03
3.178267659128225509e-01 1.741379266130215018e-03
3.218059501702232872e-01 1.838602933746019035e-03
3.258349537287419939e-01 1.941212354478177166e-03
3.299144003249545598e-01 2.049503054716927865e-03
3.340449215046055187e-01 2.163786748155518448e-03
3.382271567203783413e-01 2.284391941215571827e-03
3.424617534308904698e-01 2.411665125144458501e-03
3.467493672009272498e-01 2.545971237541666196e-03
3.510906618029309145e-01 2.687695284219975174e-03
3.554863093197603852e-01 2.837242751974606084e-03
3.599369902487375428e-01 2.995041365413751277e-03
3.644433936069960689e-01 3.161541689298241666e-03
3.690062170381492868e-01 3.337218658814452513e-03
3.736261669202934899e-01 3.522572753325933607e-03
3.783039584753635221e-01 3.718131489652078386e-03
3.830403158798575403e-01 3.924450631933326314e-03
3.878359723769475575e-01 4.142116152006945599e-03
3.926916703899946404e-01 4.371744878150702653e-03
3.976081616374840810e-01 4.613987153781876939e-03
4.025862072494005850e-01 4.869528002711841740e-03
4.076265778850597377e-01 5.139089360044929097e-03
4.127300538524151241e-01 5.423431502121581552e-03
4.178974252288591984e-01 5.723355489719444966e-03
4.231294919835362212e-01 6.039705069916569309e-03
4.284270641011869163e-01 6.373369287945926040e-03
4.337909617075436097e-01 6.725284133720987184e-03
4.392220151962950014e-01 7.096435524414644418e-03
4.447210653576408323e-01 7.487862171665807948e-03
4.502889635084562081e-01 7.900657608038350738e-03
4.559265716240849531e-01 8.335973460565523213e-03
4.616347624717836440e-01 8.795022680881553825e-03
4.674144197458362515e-01 9.279082165156044351e-03
4.732664382043600959e-01 9.789496474214138405e-03
4.791917238078245433e-01 1.032768130382259904e-02
4.851911938593048701e-01 1.089512713594362366e-02
4.912657771464910006e-01 1.149340298033731632e-02
4.974164140854744898e-01 1.212416043853139884e-02
5.036440568663362871e-01 1.278913811994451810e-02
5.099496696005567653e-01 1.349016632584881109e-02
5.163342284702708840e-01 1.422917053599738468e-02
5.227987218793931357e-01 1.500817812914942949e-02
5.293441506066336455e-01 1.582932264685888574e-02
5.359715279604303495e-01 1.669484879293072280e-02
5.426818799358211765e-01 1.760711876012345176e-02
5.494762453732795482e-01 1.856861816878719457e-02
5.563556761195396216e-01 1.958196184255607541e-02
5.633212371904333660e-01 2.064990105440953419e-02
5.703740069357685627e-01 2.177533028282390218e-02
5.775150772062692672e-01 2.296129396879313320e-02
5.847455535226065981e-01 2.421099434670324554e-02
5.920665552465472770e-01 2.552780025807235495e-02
5.994792157542427891e-01 2.691525349216459737e-02
6.069846826116896965e-01 2.837708041757003655e-02
6.145841177523863053e-01 2.991719794929227627e-02
6.222786976572129980e-01 3.153972611777992180e-02
6.300696135365653205e-01 3.324899629450421557e-02
6.379580715147677994e-01 3.504956201507856972e-02
6.459452928167950247e-01 3.694621124875127616e-02
6.540325139573321955e-01 3.894397582534794844e-02
6.622209869322014386e-01 4.104814661252764729e-02
6.705119794121859877e-01 4.326428334672087483e-02
6.789067749392797557e-01 4.559822954433016828e-02
6.874066731253943852e-01 4.805612717161453218e-02
6.960129898535553084e-01 5.064442832776522296e-02
7.047270574816146826e-01 5.336991422226176895e-02
7.135502250485161735e-01 5.623970947776075341e-02
7.224838584831421162e-01 5.926129874114851454e-02
7.315293408157750310e-01 6.244254423756884914e-02
7.406880723922065757e-01 6.579170572793129057e-02
7.499614710905276871e-01 6.931745721931990845e-02
7.593509725406325517e-01 7.302891014369208844e-02
7.688580303464702670e-01 7.693563191216601371e-02
7.784841163110802764e-01 8.104767008572374976e-02
7.882307206644446618e-01 8.537557259309694335e-02
7.980993522941920437e-01 8.993041680857273568e-02
8.080915389791922809e-01 9.472382712658555803e-02
8.182088276260734983e-01 9.976801079576716469e-02
8.284527845087014120e-01 1.050757781352209680e-01
8.388249955106568123e-01 1.106605741968346990e-01
8.493270663707486179e-01 1.165365092259013219e-01
8.599606229316011374e-01 1.227183886185789080e-01
8.707273113913535090e-01 1.292217502124433925e-01
8.816287985585096187e-01 1.360628897807342752e-01
8.926667721099801334e-01 1.432589074137292640e-01
9.038429408523543929e-01 1.508277388683781917e-01
9.151590349864434648e-01 1.587881946338668138e-01
9.266168063751344386e-01 1.671600030366528211e-01
9.382180288146009239e-01 1.759638536164020162e-01
9.499644983089060579e-01 1.852214380875430999e-01
9.618580333480450939e-01 1.949554995888432285e-01
9.739004751894689837e-01 2.051898801142947038e-01
9.860936881431322520e-01 2.159495724887518231e-01
9.984395598601093491e-01 2.272607717438858976e-01
1.010940001624826001e+00 2.391509322876752552e-01
1.023596948650947747e+00 2.516488190322426211e-01
1.036412360380973396e+00 2.647845733373663801e-01
1.049388220789579718e+00 2.785897773076367323e-01
1.062526538690763411e+00 2.930975112274045724e-01
1.075829348048829015e+00 3.083424236395325702e-01
1.089298708293270579e+00 3.243608082586236785e-01
1.102936704637595078e+00 3.411906684364203746e-01
1.116745448402137519e+00 3.588717994142450740e-01
1.130727077340918152e+00 3.774458647874478490e-01
1.144883755972591066e+00 3.969564784727188655e-01
1.159217675915537704e+00 4.174493002872029512e-01
1.173731056227153902e+00 4.389721053059072453e-01
1.188426143747386643e+00 4.615749040095438183e-01
1.203305213446570709e+00 4.853100169613527859e-01
1.218370568777619845e+00 5.102321824414201012e-01
1.233624542032629057e+00 5.363986699017727622e-01
1.249069494703940686e+00 5.638693768848037635e-01
1.264707817849728633e+00 5.927069510992836188e-01
1.280541932464165145e+00 6.229768995786916230e-01
1.296574289852216788e+00 6.547477160547348074e-01
1.312807372009135110e+00 6.880909756006609035e-01
1.329243692004699273e+00 7.230816474590439080e-01
1.345885794372267519e+00 7.597978510861506107e-01
1.362736255502701610e+00 7.983213872611197859e-01
1.379797684043219563e+00 8.387376871181700944e-01
1.397072721301248377e+00 8.811360089342743507e-01
1.414564041653326054e+00 9.256095907090373665e-01
1.432274352959127306e+00 9.722558207194916813e-01
1.450206396980671775e+00 1.021176399199296592e+00
1.468362949806780504e+00 1.072477536133120690e+00
1.486746822282846159e+00 1.126270095647128766e+00
1.505360860445985827e+00 1.182669834913334217e+00
1.524207945965639466e+00 1.241797553708679169e+00
1.543290996589686825e+00 1.303779318231927276e+00
1.562612966596147679e+00 1.368746712288126721e+00
1.582176847250539087e+00 1.436836948119681434e+00
1.601985667268958524e+00 1.508193210581547872e+00
1.622042493286962372e+00 1.582964825491676164e+00
1.642350430334319045e+00 1.661307502103395617e+00
1.662912622315702471e+00 1.743383600894406804e+00
1.683732252497405435e+00 1.829362378778523146e+00
1.704812544000146035e+00 1.919420276950670301e+00
1.726156760298044768e+00 2.013741156195876680e+00
1.747768205723845947e+00 2.112516618318299955e+00
1.769650225980470726e+00 2.215946280883042352e+00
1.791806208658967448e+00 2.324238081692016511e+00
1.814239583762952357e+00 2.437608583450026956e+00
1.836953824239611954e+00 2.556283324670682866e+00
1.859952446517357805e+00 2.680497111191729065e+00
1.883239011050207523e+00 2.810494386243484577e+00
1.906817122868988301e+00 2.946529572592115009e+00
1.930690432139434254e+00 3.088867441424244742e+00
1.954862634727276616e+00 3.237783467885907651e+00
1.979337472770405615e+00 3.393564245026069681e+00
2.004118735258196615e+00 3.556507860949468913e+00
2.029210258618091789e+00 3.726924307215345955e+00
2.054615927309519918e+00 3.905135942613394917e+00
2.080339674425259577e+00 4.091477796103299980e+00
2.106385482300326739e+00 4.286298167126100012e+00
2.132757383128483841e+00 4.489959011659081511e+00
2.159459459586474672e+00 4.702836352849183221e+00
2.186495845466066790e+00 4.925320899607130265e+00
2.213870726314010273e+00 5.157818345595792664e+00
2.241588340080012287e+00 5.400750188157320331e+00
2.269652977772817604e+00 5.654553793556877928e+00
2.298068984124509218e+00 5.919683335329008145e+00
2.326840758263120978e+00 6.196610157301407185e+00
2.355972754393676372e+00 6.485823399474401008e+00
2.385469482487747150e+00 6.787830454230606492e+00
2.415335508981654389e+00 7.103157660326888667e+00
2.445575457483402104e+00 7.432350915366798816e+00
2.476194009488468240e+00 7.775976214157648947e+00
2.507195905104551148e+00 8.134620267989856046e+00
2.538585943785397259e+00 8.508891273069526306e+00
2.570368985073809842e+00 8.899419402353155206e+00
2.602549949353961889e+00 9.306857602455355760e+00
2.635133818613132561e+00 9.731882205726330781e+00
2.668125637212973800e+00 1.017519362774672942e+01
2.701530512670434092e+00 1.063751716378408396e+01
2.735353616448466862e+00 1.111960354960661590e+01
2.769600184756629613e+00 1.162222991445708686e+01
2.804275519361710600e+00 1.214620033185139469e+01
2.839384988408503396e+00 1.269234671202109155e+01
2.874934027250859003e+00 1.326152943164261799e+01
2.910928139293141204e+00 1.385463858446442842e+01
2.947372896842218370e+00 1.447259400149789954e+01
2.984273941970120525e+00 1.511634673550339514e+01
3.021636987387497530e+00 1.578687955912183583e+01
3.059467817328013428e+00 1.648520849769699481e+01
3.097772288443813693e+00 1.721238206816363103e+01
3.136556330712203078e+00 1.796948398423645088e+01
3.175825948353670380e+00 1.875763300590079652e+01
3.215587220761420006e+00 1.957798403687069211e+01
3.255846303442526235e+00 2.043172922504643196e+01
3.296609428970879385e+00 2.132009852202605416e+01
3.337882907952061107e+00 2.224436104302368022e+01
3.379673130000298453e+00 2.320582557934056567e+01
3.421986564727649949e+00 2.420584159270467239e+01
3.464829762745579522e+00 2.524580070848642066e+01
3.508209356679063973e+00 2.632713708145852749e+01
3.552132062193401829e+00 2.745132849692888044e+01
3.596604679033877705e+00 2.861989753305232043e+01
3.641634092078438911e+00 2.983441240186175136e+01
3.687227272403558853e+00 3.109648797107491802e+01
3.733391278363432431e+00 3.240778650350907952e+01
3.780133256682703280e+00 3.377001937679225563e+01
3.827460443562850312e+00 3.518494744406965680e+01
3.875380165802439603e+00 3.665438213418208591e+01
3.923899841931397514e+00 3.818018647132824839e+01
3.973026983359484454e+00 3.976427649971218159e+01
4.022769195539149578e+00 4.140862140748328102e+01
4.073134179142943623e+00 4.311524602615544666e+01
4.124129731255670173e+00 4.488622982013281160e+01
4.175763746581465874e+00 4.672370964383581082e+01
4.228044218665996112e+00 4.862987995576690281e+01
4.280979241133945123e+00 5.060699387768818980e+01
4.334577008941996823e+00 5.265736432359621233e+01
4.388845819647525737e+00 5.478336499758852796e+01
4.443794074693140139e+00 5.698743104810705518e+01
4.499430280707330532e+00 5.927206059073766653e+01
4.555763050821393101e+00 6.163981518055693698e+01
4.612801106002840434e+00 6.409332119683355700e+01
4.670553276405511767e+00 6.663526977632150761e+01
4.729028502736581707e+00 6.926841973885544235e+01
4.788235837640686832e+00 7.199559601275770149e+01
4.848184447101376193e+00 7.481969305616738097e+01
4.908883611860120233e+00 7.774367278412972837e+01
4.970342728853068159e+00 8.077056883428801370e+01
5.032571312665811369e+00 8.390348451654465123e+01
5.095578997006340316e+00 8.714559430845785926e+01
5.159375536196470158e+00 9.050014676995581908e+01
5.223970806681911050e+00 9.397046211832399365e+01
5.289374808561260188e+00 9.755993504962127361e+01
5.355597667134135875e+00 1.012720344870229781e+02
5.422649634468686308e+00 1.051103050313866447e+02
5.490541090988734219e+00 1.090783669682987380e+02
5.559282547080782955e+00 1.131799167980981338e+02
5.628884644721151354e+00 1.174187283192254654e+02
5.699358159123468326e+00 1.217986529242753022e+02
5.770714000406808708e+00 1.263236199589645139e+02
5.842963215284700418e+00 1.309976372378183100e+02
5.916116988775291574e+00 1.358247914912720091e+02
5.990186645932904952e+00 1.408092490023637993e+02
6.065183653601310176e+00 1.459552555273640166e+02
6.141119622188910832e+00 1.512671354118206182e+02
6.218006307466172444e+00 1.567492951986779701e+02
6.295855612385553357e+00 1.624062200141040933e+02
6.374679588924220042e+00 1.682424761098286581e+02
6.454490439949835512e+00 1.742627095263871695e+02
6.535300521109698835e+00 1.804716464739459241e+02
6.617122342743549268e+00 1.868740943607351426e+02
6.699968571820311247e+00 1.934749395196138835e+02
6.783852033899083978e+00 2.002791491952334866e+02
6.868785715114691826e+00 2.072917690962781876e+02
6.954782764188091271e+00 2.145179245779836492e+02
7.041856494461929294e+00 2.219628204296328136e+02
7.130020385961628016e+00 2.296317388605190217e+02
7.219288087482232719e+00 2.375300419080208201e+02
7.309673418701409631e+00 2.456631619484131193e+02
7.401190372318889210e+00 2.540366182942512125e+02
7.493853116222703115e+00 2.626559968135216536e+02
7.587675995682535479e+00 2.715269628131807735e+02
7.682673535570535783e+00 2.806552522905718661e+02
7.778860442609942361e+00 2.900466763006485849e+02
7.876251607651848730e+00 2.997071149515546722e+02
7.974862107980484005e+00 3.096425194117122714e+02
8.074707209647352002e+00 3.198589091948322789e+02
8.175802369834595851e+00 3.303623711633396169e+02
8.278163239247934513e+00 3.411590574659068693e+02
8.381805664539591305e+00 3.522551843527624555e+02
8.486745690761539507e+00 3.636570298949704920e+02
8.592999563849449629e+00 3.753709309631830706e+02
8.700583733137760234e+00 3.874032845004782644e+02
8.809514853906220466e+00 3.997605423763930048e+02
8.919809789958325297e+00 4.124492109665477528e+02
9.031485616232021840e+00 4.254758452639843540e+02
9.144559621443116626e+00 4.388470524560684112e+02
9.259049310761762186e+00 4.525694814784400819e+02
9.374972408522467049e+00 4.666498288825678742e+02
9.492346860968021716e+00 4.810948282009334775e+02
9.611190839027797139e+00 4.959112524388527277e+02
9.731522741130794074e+00 5.111059077291807284e+02
9.853361196053960214e+00 5.266856292942223945e+02
9.976725065806126835e+00 5.426572827242048334e+02
1.010163344854806233e+01 5.590277541765498199e+02
1.022810568154911337e+01 5.758039525871611204e+02
1.035616134418079248e+01 5.929928001854287913e+02
1.048582026094795872e+01 6.106012322507282306e+02
1.061710250455780269e+01 6.286361912990162182e+02
1.075002839902742302e+01 6.471046218123982499e+02
1.088461852283012554e+01 6.660134760754801846e+02
1.102089371208130331e+01 6.853696769949885947e+02
1.115887506376403593e+01 7.051801658791711134e+02
1.129858393899517210e+01 7.254518481390325633e+02
1.144004196633231807e+01 7.461916170781264555e+02
1.158327104512210681e+01 7.674063346198280442e+02
1.172829334889057229e+01 7.891028328199515727e+02
1.187513132877576005e+01 8.112879059339682044e+02
1.202380771700353534e+01 8.339683034431932356e+02
1.217434553040668810e+01 8.571507278494550519e+02
1.232676807398831187e+01 8.808418225707965803e+02
1.248109894452958279e+01 9.050481708533965275e+02
1.263736203424292093e+01 9.297762822489900145e+02
1.279558153447067781e+01 9.550326021253964655e+02
1.295578193943034684e+01 9.808234806690002188e+02
1.311798805000644919e+01 1.007155184135834133e+03
1.328222497759005094e+01 1.034033882797008800e+03
1.344851814796633249e+01 1.061465639901831537e+03
1.361689330525070218e+01 1.089456408632567218e+03
1.378737651587439217e+01 1.118012025270559207e+03
1.395999417261973363e+01 1.147138192679081158e+03
1.413477299870618786e+01 1.176840482328237613e+03
1.431174005192728238e+01 1.207124320131221111e+03
1.449092272883959609e+01 1.237994980646082468e+03
1.467234876900395335e+01 1.269457579966306412e+03
1.485604625927993006e+01 1.301517059418011058e+03
1.504204363817393109e+01 1.334178188012110923e+03
1.523036970024189785e+01 1.367445546004875041e+03
1.542105360054695140e+01 1.401323515591182968e+03
1.561412485917297488e+01 1.435816277367900284e+03
1.580961336579471066e+01 1.470927794413185211e+03
1.600754938430491947e+01 1.506661808318033763e+03
1.620796355749971340e+01 1.543021829727068280e+03
1.641088691182228843e+01 1.580011121726648753e+03
1.661635086216629986e+01 1.617632695858075294e+03
1.682438721673913307e+01 1.655889307252979052e+03
1.703502818198631275e+01 1.694783433638184761e+03
1.724830636757728897e+01 1.734317279589859481e+03
1.746425479145395698e+01 1.774492748369322271e+03
1.768290688494204232e+01 1.815311449607326722e+03
1.790429649792683264e+01 1.856774683508094768e+03
1.812845790409339486e+01 1.898883431014011194e+03
1.835542580623258857e+01 1.941638339887154416e+03
1.858523534161352586e+01 1.985039720697915754e+03
1.881792208742309214e+01 2.029087545673609611e+03
1.905352206627386735e+01 2.073781401231588006e+03
1.929207175178068212e+01 2.119120547191685546e+03
1.953360807420731859e+01 2.165103839595375121e+03
1.977816842618358706e+01 2.211729763153321073e+03
2.002579066849429523e+01 2.258996404655135393e+03
2.027651313594038029e+01 2.306901444326117598e+03
2.053037464327374195e+01 2.355442170013489431e+03
2.078741449120605722e+01 2.404615438026132779e+03
2.104767247249314721e+01 2.454417685023474860e+03
2.131118887809520857e+01 2.504844916040515727e+03
2.157800450341440524e+01 2.555892698405080409e+03
2.184816065461050627e+01 2.607556150903918478e+03
2.212169915499543649e+01 2.659829944012479700e+03
2.239866235150816109e+01 2.712708291926130187e+03
2.267909312127032706e+01 2.766184948325213099e+03
2.296303487822430967e+01 2.820253194757695837e+03
2.325053157985400887e+01 2.874905853730152558e+03
2.354162773399017539e+01 2.930135257983795327e+03
2.383636840570054005e+01 2.985933278137515572e+03
2.413479922426661872e+01 3.042291293456197309e+03
2.443696639024743433e+01 3.099200212096438008e+03
2.474291668263212074e+01 3.156650455626164785e+03
2.505269746608167836e+01 3.214631955923063288e+03
2.536635669826162598e+01 3.273134197314501762e+03
2.568394293726651156e+01 3.332146109469189014e+03
2.600550534913706713e+01 3.391656229607106070e+03
2.633109371547190847e+01 3.451652557530002014e+03
2.666075844113407811e+01 3.512122648617143113e+03
2.699455056205453118e+01 3.573053585765951539e+03
2.733252175313286614e+01 3.634431966440098677e+03
2.767472433623742134e+01 3.696243955685231867e+03
2.802121128830508567e+01 3.758475278432379582e+03
2.837203624954297254e+01 3.821111171096409180e+03
2.872725353173231255e+01 3.884136479904509997e+03
2.908691812663678533e+01 3.947535590335253346e+03
2.945108571451565282e+01 4.011292507704858508e+03
2.981981267274392877e+01 4.075390794363822806e+03
3.019315608454004263e+01 4.139813665329690593e+03
3.057117374780319707e+01 4.204543916770125179e+03
3.095392418406092716e+01 4.269564007011127615e+03
3.134146664752915967e+01 4.334856025026940188e+03
3.173386113428523458e+01 4.400401739362624539e+03
3.213116839155607352e+01 4.466182600111529609e+03
3.253344992712267469e+01 4.532179747685260736e+03
3.294076801884200734e+01 4.598374041748800664e+03
3.335318572428857919e+01 4.664746077309315297e+03
3.377076689051625635e+01 4.731276232661180075e+03
3.419357616394277244e+01 4.797944603018071575e+03
3.462167900035746726e+01 4.864731134672688313e+03
3.505514167505491230e+01 4.931615571690861543e+03
3.549403129309478544e+01 4.998577490917989053e+03
3.593841579969080158e+01 5.065596349069381176e+03
3.638836399072916095e+01 5.132651461602219570e+03
3.684394552341920814e+01 5.199722088209156027e+03
3.730523092707694133e+01 5.266787406561295938e+03
3.777229161404385849e+01 5.333826530591872142e+03
3.824519989074258319e+01 5.400818595007594922e+03
3.872402896887039958e+01 5.467742712033416865e+03
3.920885297673363823e+01 5.534578044559647424e+03
3.969974697072326819e+01 5.601303791723236827e+03
4.019678694693481447e+01 5.667899259239052299e+03
4.070004985293311250e+01 5.734343837156397967e+03
4.120961359966502613e+01 5.800617052123838221e+03
4.172555707352061916e+01 5.866698607004151199e+03
4.224796014854602078e+01 5.932568362375945981e+03
4.277690369880853183e+01 5.998206380313783484e+03
4.331246961091721914e+01 6.063592976491131594e+03
4.385474079669957348e+01 6.128708696849565058e+03
4.440380120603740011e+01 6.193534365425170108e+03
4.495973583986332756e+01 6.258051107651080201e+03
4.552263076331966118e+01 6.322240374353640618e+03
4.609257311908262267e+01 6.386083918492716293e+03
4.666965114085265753e+01 6.449563940627590455e+03
4.725395416701443452e+01 6.512662968196347720e+03
4.784557265446709096e+01 6.575363862624893045e+03
4.844459819262836930e+01 6.637650002009824675e+03
4.905112351761336953e+01 6.699505135814310961e+03
4.966524252659152694e+01 6.760913536676120202e+03
5.028705029232263257e+01 6.821859851147751215e+03
5.091664307787557675e+01 6.882329290371550996e+03
5.155411835153065425e+01 6.942307471529426948e+03
5.219957480186890564e+01 7.001780595580316913e+03
5.285311235305046296e+01 7.060735331662576755e+03
5.351483218028354827e+01 7.119158913323773049e+03
5.418483672548804719e+01 7.177039040654644850e+03
5.486322971315424013e+01 7.234364044613324950e+03
5.555011616640101835e+01 7.291122746925742831e+03
5.624560242323423864e+01 7.347304543534836739e+03
5.694979615300952247e+01 7.402899380365972320e+03
5.766280637310025980e+01 7.457897776409267863e+03
5.838474346577525154e+01 7.512290806923766468e+03
5.911571919528667962e+01 7.566070132450394340e+03
5.985584672517300930e+01 7.619227931473403260e+03
6.060524063577757659e+01 7.671757004822110503e+03
6.136401694198713130e+01 7.723650685684066048e+03
6.213229311119251719e+01 7.774902879156865311e+03
6.291018808147349972e+01 7.825508037847687774e+03
6.369782228001231772e+01 7.875461176232805883e+03
6.449531764173666204e+01 7.924757838499010177e+03
6.530279762819716893e+01 7.973394130846560074e+03
6.612038724668012435e+01 8.021366682404360290e+03
6.694821306956066564e+01 8.068672627746275793e+03
6.778640325389702070e+01 8.115309647915548339e+03
6.863508756127131960e+01 8.161275921030760401e+03
6.949439737787770355e+01 8.206570092999822009e+03
7.036446573486259126e+01 8.251191353923020870e+03
7.124542732891976016e+01 8.295139286378962424e+03
7.213741854314234558e+01 8.338414048386830473e+03
7.304057746813718666e+01 8.381016116723254527e+03
7.395504392340225763e+01 8.422946477664363556e+03
7.488095947897291182e+01 8.464206575889589658e+03
7.581846747733800385e+01 8.504798160556272705e+03
7.676771305563156034e+01 8.544723519430910528e+03
7.772884316810107919e+01 8.583985182561758847e+03
7.870200660885839739e+01 8.622586121001000720e+03
7.968735403491409386e+01 8.660529694284656216e+03
8.068503798950160899e+01 8.697819522028017673e+03
8.169521292569211823e+01 8.734459597170463894e+03
8.271803523030591521e+01 8.770454225678968214e+03
8.375366324812317487e+01 8.805807994485578092e+03
8.480225730639698156e+01 8.840525767522254682e+03
8.586397973967446262e+01 8.874612715063653013e+03
8.693899491492749121e+01 8.908074223313582479e+03
8.802746925699921121e+01 8.940915940915034298e+03
8.912957127436783367e+01 8.973143717120334259e+03
9.024547158523446910e+01 9.004763642939889905e+03
9.137534294393607581e+01 9.035781992865560824e+03
9.251936026769053001e+01 9.066205221587528285e+03
9.367770066367513948e+01 9.096039971586515094e+03
9.485054345644564933e+01 9.125293025729961300e+03
9.603807021569706137e+01 9.153971298250980908e+03
9.724046478437306007e+01 9.182081918785048401e+03
9.845791330712729916e+01 9.209632038449753964e+03
9.969060425914013024e+01 9.236628964504448959e+03
1.009387284752974381e+02 9.263080110050941585e+03
1.022024791797334160e+02 9.288992941231463192e+03
1.034820520157446282e+02 9.314375050385035138e+03
1.047776450760770786e+02 9.339234050706421840e+03
1.060894589335941305e+02 9.363577615839560167e+03
1.074176966723266133e+02 9.387413521859825778e+03
1.087625639189134858e+02 9.410749513345741434e+03
1.101242688744343639e+02 9.433593379852281942e+03
1.115030223466423394e+02 9.455952946757155587e+03
1.128990377825986826e+02 9.477836042646484202e+03
1.143125313017172573e+02 9.499250497114981044e+03
1.157437217292226990e+02 9.520204143490458591e+03
1.171928306300262506e+02 9.540704787093380219e+03
1.186600823430275540e+02 9.560760228221046418e+03
1.201457040158439611e+02 9.580378241260725190e+03
1.216499256399765585e+02 9.599566562885376698e+03
1.231729800864145972e+02 9.618332900650182637e+03
1.247151031416876066e+02 9.636684916464782873e+03
1.262765335443668278e+02 9.654630208776216023e+03
1.278575130220258274e+02 9.672176356496211156e+03
1.294582863286616430e+02 9.689330859827472523e+03
1.310791012825866062e+02 9.706101153704352328e+03
1.327202088047925770e+02 9.722494608353270451e+03
1.343818629577968409e+02 9.738518540432647569e+03
1.360643209849742732e+02 9.754180185881486977e+03
1.377678433503807867e+02 9.769486698140271983e+03
1.394926937790771433e+02 9.784445143196440767e+03
1.412391392979556883e+02 9.799062556909830164e+03
1.430074502770802098e+02 9.813345818358924589e+03
1.447979004715413112e+02 9.827301768493529380e+03
1.466107670638380114e+02 9.840937142380817022e+03
1.484463307067876769e+02 9.854258587041156716e+03
1.503048755669754541e+02 9.867272687151807986e+03
1.521866893687454194e+02 9.879985854445732912e+03
1.540920634387448729e+02 9.892404512764240280e+03
1.560212927510239638e+02 9.904534917393290016e+03
1.579746759727015615e+02 9.916383234181221269e+03
1.599525155102029714e+02 9.927955583406874212e+03
1.619551175560747254e+02 9.939257914086172605e+03
1.639827921363881273e+02 9.950296126486990033e+03
1.660358531587335449e+02 9.961076010960850908e+03
1.681146184608182068e+02 9.971603271050773401e+03
1.702194098596700087e+02 9.981883485475629641e+03
1.723505532014597463e+02 9.991922152899067441e+03
1.745083784119445340e+02 1.000172466979222008e+04
1.766932195475455387e+02 1.001129634475905004e+04
1.789054148470625023e+02 1.002064237169427543e+04
1.811453067840382687e+02 1.002976785534876399e+04
1.834132421197765268e+02 1.003867781225504041e+04
1.857095719570250481e+02 1.004737715321940959e+04
1.880346517943309834e+02 1.005587067913909959e+04
1.903888415810748711e+02 1.006416314677077389e+04
1.927725057731964853e+02 1.007225918607263156e+04
1.951860133896153400e+02 1.008016330046522489e+04
1.976297380693606556e+02 1.008787996228012526e+04
2.001040581294134597e+02 1.009541352916136020e+04
2.026093566232760281e+02 1.010276825922347052e+04
2.051460214002713656e+02 1.010994833796403691e+04
2.077144451655885575e+02 1.011695785876594164e+04
2.103150255410762384e+02 1.012380082115722143e+04
2.129481651268009728e+02 1.013048114668843664e+04
2.156142715633727960e+02 1.013700267637264005e+04
2.183137575950533460e+02 1.014336915843489260e+04
2.210470411336542611e+02 1.014958426541212248e+04
2.238145453232330624e+02 1.015565157936983815e+04
2.266166986056027213e+02 1.016157462819714783e+04
2.294539347866575838e+02 1.016735687868368586e+04
2.323266931035332732e+02 1.017300162900101350e+04
2.352354182926040380e+02 1.017851220221776748e+04
2.381805606583347981e+02 1.018389179150481323e+04
2.411625761429918100e+02 1.018914353650823250e+04
2.441819263972295460e+02 1.019427050815470830e+04
2.472390788515578492e+02 1.019927570379249846e+04
2.503345067887073299e+02 1.020416205597958105e+04
2.534686894168975755e+02 1.020893241194757684e+04
2.566421119440245775e+02 1.021358957844891484e+04
2.598552656527776890e+02 1.021813627739234289e+04
2.631086479766937600e+02 1.022257518293900102e+04
2.664027625771678913e+02 1.022690889047964629e+04
2.697381194214239031e+02 1.023113994885163265e+04
2.731152348614654670e+02 1.023527083927466265e+04
2.765346317140109136e+02 1.023930398848355617e+04
2.799968393414338834e+02 1.024324175926770477e+04
2.835023937337123812e+02 1.024708646580833192e+04
2.870518375914084004e+02 1.025084036154979003e+04
2.906457204096823261e+02 1.025450565254036155e+04
2.942845985633629766e+02 1.025808448141397093e+04
2.979690353930794799e+02 1.026157895582538913e+04
3.016996012924732327e+02 1.026499110998330616e+04
3.054768737965028436e+02 1.026832295350329878e+04
3.093014376708506461e+02 1.027157642733509419e+04
3.131738850024543126e+02 1.027475344336348280e+04
3.170948152911656166e+02 1.027785584980829663e+04
3.210648355425630598e+02 1.028088546407497597e+04
3.250845603619205235e+02 1.028384404839239869e+04
3.291546120493579224e+02 1.028673333382955025e+04
3.332756206961780094e+02 1.028955499301495911e+04
3.374482242824144009e+02 1.029231067453577998e+04
3.416730687755955387e+02 1.029500197631367155e+04
3.459508082307509085e+02 1.029763046118766033e+04
3.502821048916637778e+02 1.030019765247180658e+04
3.546676292933951231e+02 1.030270503280920639e+04
3.591080603660918200e+02 1.030515405898488098e+04
3.636040855400897840e+02 1.030754613941812022e+04
3.681564008523396296e+02 1.030988265475197113e+04
3.727657110541579186e+02 1.031216494728620455e+04
3.774327297203341800e+02 1.031439432770817075e+04
3.821581793595972272e+02 1.031657208450120197e+04
3.869427915264711828e+02 1.031869945654279945e+04
3.917873069345256454e+02 1.032077766316181624e+04
3.966924755710494424e+02 1.032280789723454109e+04
4.016590568131550754e+02 1.032479130058042392e+04
4.066878195453400053e+02 1.032672902195979805e+04
4.117795422785204096e+02 1.032862214757852053e+04
4.169350132705505985e+02 1.033047175945340859e+04
4.221550306482578208e+02 1.033227889916238200e+04
4.274404025309984263e+02 1.033404459615679116e+04
4.327919471557673319e+02 1.033576983555306106e+04
4.382104930038673842e+02 1.033745559442087324e+04
4.436968789291710209e+02 1.033910281543531346e+04
4.492519542879814480e+02 1.034071243046869859e+04
4.548765790705263043e+02 1.034228533448432245e+04
4.605716240340903482e+02 1.034382240692358391e+04
4.663379708378228088e+02 1.034532450194121702e+04
4.721765121792249715e+02 1.034679246049890389e+04
4.780881519323515363e+02 1.034822709204062812e+04
4.840738052877424025e+02 1.034962919634650643e+04
4.901343988941013095e+02 1.035099954390963467e+04
4.962708710017558360e+02 1.035233889144759087e+04
5.024841716079052958e+02 1.035364797458910289e+04
5.087752626036956372e+02 1.035492751707954812e+04
5.151451179231270316e+02 1.035617821653463216e+04
5.215947236938345668e+02 1.035740075466955750e+04
5.281250783897478414e+02 1.035859580384752553e+04
5.347371929856706174e+02 1.035976400513940462e+04
5.414320911137874646e+02 1.036090599814409688e+04
5.482108092221376410e+02 1.036202240942247954e+04
5.550743967350663297e+02 1.036311383231511900e+04
5.620239162156884731e+02 1.036418085729812810e+04
5.690604435303883974e+02 1.036522405446657467e+04
5.761850680153715984e+02 1.036624399405241820e+04
5.833988926453120030e+02 1.036724121713855129e+04
5.907030342041005042e+02 1.036821625339858656e+04
5.980986234577401319e+02 1.036916962542031979e+04
6.055868053293978619e+02 1.037010184081746047e+04
6.131687390766563794e+02 1.037101338991126977e+04
6.208455984709758013e+02 1.037190475855236582e+04
6.286185719794120814e+02 1.037277642290671793e+04
6.364888629486007403e+02 1.037362882722914765e+04
6.444576897910535536e+02 1.037446243086997129e+04
6.525262861737791127e+02 1.037527766783576953e+04
6.606959012092697776e+02 1.037607496586284469e+04
6.689677996488818508e+02 1.037685473577895027e+04
6.773432620786285270e+02 1.037761739142320766e+04
6.858235851174350728e+02 1.037836332258091898e+04
6.944100816178647619e+02 1.037909291456626306e+04
7.031040808693696817e+02 1.037980654552102715e+04
7.119069288040741412e+02 1.038050458417801565e+04
7.208199882051468421e+02 1.038118739084804474e+04
7.298446389177692026e+02 1.038185531763847939e+04
7.389822780627574730e+02 1.038250870060550733e+04
7.482343202528477377e+02 1.038314787154406622e+04
7.576021978116996252e+02 1.038377316350245565e+04
7.670873609956322525e+02 1.038438488972198684e+04
7.766912782181420880e+02 1.038498335554705955e+04
7.864154362772338800e+02 1.038556887100712993e+04
7.962613405855876181e+02 1.038614172878155841e+04
8.062305154036210979e+02 1.038670221713379215e+04
8.163245040754562751e+02 1.038725062525554858e+04
8.265448692678537554e+02 1.038778720001709553e+04
8.368931932121247428e+02 1.038831222856756176e+04
8.473710779490858158e+02 1.038882598562631392e+04
8.579801455770667644e+02 1.038932870688157527e+04
8.687220385030365151e+02 1.038982064825711677e+04
8.795984196968609012e+02 1.039030204817862068e+04
8.906109729487557161e+02 1.039077315092264689e+04
9.017614031299516455e+02 1.039123418443173796e+04
9.130514364566299719e+02 1.039168537237897726e+04
9.244828207571646317e+02 1.039212694396599909e+04
9.360573257426989358e+02 1.039255910740020772e+04
9.477767432811256185e+02 1.039298207364042901e+04
9.596428876744807894e+02 1.039339605534013572e+04
9.716575959398270470e+02 1.039380124107580923e+04
9.838227280936368970e+02 1.039419783722952889e+04
9.961401674397529860e+02 1.039458603173723350e+04
1.008611820860937428e+03 1.039496600872062481e+04
1.021239619114087645e+03 1.039533796072512632e+04
1.034025517129131458e+03 1.039570205233574234e+04
1.046971494311681681e+03 1.039605846689038663e+04
1.060079554849462966e+03 1.039640737298964450e+04
1.073351728022587849e+03 1.039674893466832873e+04
1.086790068517715099e+03 1.039708331581700804e+04
1.100396656746131157e+03 1.039741067040670350e+04
1.114173599165832456e+03 1.039773115588515793e+04
1.128123028607618835e+03 1.039804492819952975e+04
1.142247104605290360e+03 1.039835212727447652e+04
1.156548013729959621e+03 1.039865290441773141e+04
1.171027969928566563e+03 1.039894739713483432e+04
1.185689214866614520e+03 1.039923573867086998e+04
1.200534018275215431e+03 1.039951806721385947e+04
1.215564678302461061e+03 1.039979451660480299e+04
1.230783521869212564e+03 1.040006521471915585e+04
1.246192905029326084e+03 1.040033028104542609e+04
1.261795213334401978e+03 1.040058984358932139e+04
1.277592862203098321e+03 1.040084402276800756e+04
1.293588297295057600e+03 1.040109293052089197e+04
1.309783994889534142e+03 1.040133668329428474e+04
1.326182462268739300e+03 1.040157539564746367e+04
1.342786238106009250e+03 1.040180916946556863e+04
1.359597892858809928e+03 1.040203812311108231e+04
1.376620029166685299e+03 1.040226235139330674e+04
1.393855282254164194e+03 1.040248195693265916e+04
1.411306320338735986e+03 1.040269703918322011e+04
1.428975845043908976e+03 1.040290770297268864e+04
1.446866591817466087e+03 1.040311403050822082e+04
1.464981330354932652e+03 1.040331612555211905e+04
1.483322865028362457e+03 1.040351407560044754e+04
1.501894035320491639e+03 1.040370796595415231e+04
1.520697716264312476e+03 1.040389788392138144e+04
1.539736818888174867e+03 1.040408392198072033e+04
1.559014290666434363e+03 1.040426615315329946e+04
1.578533115975768169e+03 1.040444466809452024e+04
1.598296316557179125e+03 1.040461953833460575e+04
1.618306951983808631e+03 1.040479084082982263e+04
1.638568120134581250e+03 1.040495865527018213e+04
1.659082957673805367e+03 1.040512305905167159e+04
1.679854640536754005e+03 1.040528411208415491e+04
1.700886384421341290e+03 1.040544189719128190e+04
1.722181445285955306e+03 1.040559648477723022e+04
1.743743119853505732e+03 1.040574792524701843e+04
1.765574746121808857e+03 1.040589630748370655e+04
1.787679703880335182e+03 1.040604168274114090e+04
1.810061415233453090e+03 1.040618411519865003e+04
1.832723345130197004e+03 1.040632366927172006e+04
1.855669001900695548e+03 1.040646040520282986e+04
1.878901937799287907e+03 1.040659437962979246e+04
1.902425749554468211e+03 1.040672565307626792e+04
1.926244078925686608e+03 1.040685428346645494e+04
1.950360613267150029e+03 1.040698032233472259e+04
1.974779086098655171e+03 1.040710382678008318e+04
1.999503277683586475e+03 1.040722484283956328e+04
2.024537015614149595e+03 1.040734344074478940e+04
2.049884175403914924e+03 1.040745964558571359e+04
2.075548681087806472e+03 1.040757352418696792e+04
2.101534505829573391e+03 1.040768512306565026e+04
2.127845672536897382e+03 1.040779448634574146e+04
2.154486254484168512e+03 1.040790165842243368e+04
2.181460375943094732e+03 1.040800669146358086e+04
2.208772212821165795e+03 1.040810962223987372e+04
2.236425993308153920e+03 1.040821049909310022e+04
2.264425998530666675e+03 1.040830936399837447e+04
2.292776563214932594e+03 1.040840625372381874e+04
2.321482076357854112e+03 1.040850121336866323e+04
2.350546981906477868e+03 1.040859428773213222e+04
2.379975779445981061e+03 1.040868550830840468e+04
2.409773024896239349e+03 1.040877491538500544e+04
2.439943331217157265e+03 1.040886254407727756e+04
2.470491369122788001e+03 1.040894843781575400e+04
2.501421867804433532e+03 1.040903261868856498e+04
2.532739615662759661e+03 1.040911513403501158e+04
2.564449461049114689e+03 1.040919602354711424e+04
2.596556313016091735e+03 1.040927529912118371e+04
2.629065142077526616e+03 1.040935301099553908e+04
2.661980980977973559e+03 1.040942918127887060e+04
2.695308925471838847e+03 1.040950385290092709e+04
2.729054135112271524e+03 1.040957705112465555e+04
2.763221834049915742e+03 1.040964879385380482e+04
2.797817311841653918e+03 1.040971912941859773e+04
2.832845924269522584e+03 1.040978807539376066e+04
2.868313094169828219e+03 1.040985566401270444e+04
2.904224312272677253e+03 1.040992192325036012e+04
2.940585138051980266e+03 1.040998687768494710e+04
2.977401200586160030e+03 1.041005055728006846e+04
3.014678199429573397e+03 1.041011297923585153e+04
3.052421905494880775e+03 1.041017417965401364e+04
3.090638161946427317e+03 1.041023417973595679e+04
3.129332885104866364e+03 1.041029300048866389e+04
3.168512065363053807e+03 1.041035066784996889e+04
3.208181768113441194e+03 1.041040720216185946e+04
3.248348134687042602e+03 1.041046263221055415e+04
3.289017383304224040e+03 1.041051697969904671e+04
3.330195810037336287e+03 1.041057026278110425e+04
3.371889789785400808e+03 1.041062250363659223e+04
3.414105777261056573e+03 1.041067371980304415e+04
3.456850307989799148e+03 1.041072394189420993e+04
3.500129999321770811e+03 1.041077318153884335e+04
3.543951551456171273e+03 1.041082145825643238e+04
3.588321748478573681e+03 1.041086879947471061e+04
3.633247459411146792e+03 1.041091520734482219e+04
3.678735639276078473e+03 1.041096072177576389e+04
3.724793330172260085e+03 1.041100534325863737e+04
3.771427662365533251e+03 1.041104909952078197e+04
3.818645855392513567e+03 1.041109200493052595e+04
3.866455219178236348e+03 1.041113407794357954e+04
3.914863155167864534e+03 1.041117533007189195e+04
3.963877157472486033e+03 1.041121578371694341e+04
4.013504814029307909e+03 1.041125545093794062e+04
4.063753807776321537e+03 1.041129434497542570e+04
4.114631917841760696e+03 1.041133249149088442e+04
4.166147020748370778e+03 1.041136989389491282e+04
4.218307091632797892e+03 1.041140657673100213e+04
4.271120205480202458e+03 1.041144254221790652e+04
4.324594538374412878e+03 1.041147781813831534e+04
4.378738368763647486e+03 1.041151240439465255e+04
4.433560078742093538e+03 1.041154632555440003e+04
4.489068155347603351e+03 1.041157959242667675e+04
4.545271191875550358e+03 1.041161221886760541e+04
4.602177889209189743e+03 1.041164421084196874e+04
4.659797057166621926e+03 1.041167558322044351e+04
4.718137615864705367e+03 1.041170635850337567e+04
4.777208597099961480e+03 1.041173653146208744e+04
4.837019145746818140e+03 1.041176612628763178e+04
4.897578521173305489e+03 1.041179515565422116e+04
4.958896098674571476e+03 1.041182362121639562e+04
5.020981370924245311e+03 1.041185153754465136e+04
5.083843949444039026e+03 1.041187891702793240e+04
5.147493566091674438e+03 1.041190576939959465e+04
5.211940074567556621e+03 1.041193210998162613e+04
5.277193451940204795e+03 1.041195794099489467e+04
5.343263800190792608e+03 1.041198327617631730e+04
5.410161347777107039e+03 1.041200812240617961e+04
5.477896451217000504e+03 1.041203249702978064e+04
5.546479596691714505e+03 1.041205640117198891e+04
5.615921401669219449e+03 1.041207984339626637e+04
5.686232616547989892e+03 1.041210283477811754e+04
5.757424126321247968e+03 1.041212539235620898e+04
5.829506952262105187e+03 1.041214751393067309e+04
5.902492253629741754e+03 1.041216921116073172e+04
5.976391329397057234e+03 1.041219049558786719e+04
6.051215619999848059e+03 1.041221136751450285e+04
6.126976709107882925e+03 1.041223184899177977e+04
6.203686325418264460e+03 1.041225193330499314e+04
6.281356344471118064e+03 1.041227162997049709e+04
6.359998790488087252e+03 1.041229095633834186e+04
6.439625838233771901e+03 1.041230991097056358e+04
6.520249814900604179e+03 1.041232850188934935e+04
6.601883202017182157e+03 1.041234674225910385e+04
6.684538637380591354e+03 1.041236462632171970e+04
6.768228917012819693e+03 1.041238217712984442e+04
6.852966997141817046e+03 1.041239938900817469e+04
6.938765996207214812e+03 1.041241627427370804e+04
7.025639196891238498e+03 1.041243283748589783e+04
7.113600048174967014e+03 1.041244908329952887e+04
7.202662167420474361e+03 1.041246502289065393e+04
7.292839342478916478e+03 1.041248065662810586e+04
7.384145533825002531e+03 1.041249599177777418e+04
7.476594876718329033e+03 1.041251103485209933e+04
7.570201683391621373e+03 1.041252579762074311e+04
7.664980445266469360e+03 1.041254027613007747e+04
7.760945835196698681e+03 1.041255447754008128e+04
7.858112709739996717e+03 1.041256841034434547e+04
7.956496111457817278e+03 1.041258207594336091e+04
8.056111271244175441e+03 1.041259547759123234e+04
8.156973610683501647e+03 1.041260863486480775e+04
8.259098744438180802e+03 1.041262153701564966e+04
8.362502482665831849e+03 1.041263419634842649e+04
8.467200833466862605e+03 1.041264661413537033e+04
8.573210005362794618e+03 1.041265879631597636e+04
8.680546409805478106e+03 1.041267074867964584e+04
8.789226663717803604e+03 1.041268247020823583e+04
8.899267592066124053e+03 1.041269397617060895e+04
9.010686230465062181e+03 1.041270526177734428e+04
9.123499827814750461e+03 1.041271633149562695e+04
9.237725848971198502e+03 1.041272719298773700e+04
9.353381977449980695e+03 1.041273784555418024e+04
9.470486118163957144e+03 1.041274829950855019e+04
9.589056400195098831e+03 1.041275855905715252e+04
9.709111179601106414e+03 1.041276861732494945e+04
9.830669042257073670e+03 1.041277848890406858e+04
9.953748806732903176e+03 1.041278817242946388e+04
1.007836952720659065e+04 1.041279767543638627e+04
1.020455049641396909e+04 1.041280699089092195e+04
1.033231124863556579e+04 1.041281614137845099e+04
1.046167156272066495e+04 1.041282510772588830e+04
1.059265146514933258e+04 1.041283391414764083e+04
1.072527123313267111e+04 1.041284255123826733e+04
1.085955139775209500e+04 1.041285102547746101e+04
1.099551274713769271e+04 1.041285933985057090e+04
1.113317632968651560e+04 1.041286749882505683e+04
1.127256345732102272e+04 1.041287549931275316e+04
1.141369570878855666e+04 1.041288335382717196e+04
1.155659493300190297e+04 1.041289105575542271e+04
1.170128325242170467e+04 1.041289861232122712e+04
1.184778306648139551e+04 1.041290603110822121e+04
1.199611705505481768e+04 1.041291330565690805e+04
1.214630818196736436e+04 1.041292044296192398e+04
1.229837969855095434e+04 1.041292744388779101e+04
1.245235514724375571e+04 1.041293432009027129e+04
1.260825836523473117e+04 1.041294106419963282e+04
1.276611348815396013e+04 1.041294768027601640e+04
1.292594495380901390e+04 1.041295417027136682e+04
1.308777750596836086e+04 1.041296054028390608e+04
1.325163619819189626e+04 1.041296679218100326e+04
1.341754639770957147e+04 1.041297292257509980e+04
1.358553378934842658e+04 1.041297893717580155e+04
1.375562437950906497e+04 1.041298484248523710e+04
1.392784450019166616e+04 1.041299063255205692e+04
1.410222081307240114e+04 1.041299631819472052e+04
1.427878031363113223e+04 1.041300189113754277e+04
1.445755033533052301e+04 1.041300736377745307e+04
1.463855855384762981e+04 1.041301273441957528e+04
1.482183299135829657e+04 1.041301800074075618e+04
1.500740202087550097e+04 1.041302317010114530e+04
1.519529437064169178e+04 1.041302824191082436e+04
1.538553912857633441e+04 1.041303321947046970e+04
1.557816574677892095e+04 1.041303810100488954e+04
1.577320404608868557e+04 1.041304289527652509e+04
1.597068422070113411e+04 1.041304759564551568e+04
1.617063684284234660e+04 1.041305220882169669e+04
1.637309286750211322e+04 1.041305673408422444e+04
1.657808363722599825e+04 1.041306117558003280e+04
1.678564088696759427e+04 1.041306553172038366e+04
1.699579674900132159e+04 1.041306981103362341e+04
1.720858375789709316e+04 1.041307400912903358e+04
1.742403485555689986e+04 1.041307812459557681e+04
1.764218339631466733e+04 1.041308216645660832e+04
1.786306315209975583e+04 1.041308613019602308e+04
1.808670831766547053e+04 1.041309002160882483e+04
1.831315351588267367e+04 1.041309383839944167e+04
1.854243380309973509e+04 1.041309758310632787e+04
1.877458467456983999e+04 1.041310125825913383e+04
1.900964206994595588e+04 1.041310486737158135e+04
1.924764237884476461e+04 1.041310840815451775e+04
1.948862244648005071e+04 1.041311187615173367e+04
1.973261957936699037e+04 1.041311528871496012e+04
1.997967155109749365e+04 1.041311863561678365e+04
2.022981660818806631e+04 1.041312191334993258e+04
2.048309347600064939e+04 1.041312513351027337e+04
2.073954136473800827e+04 1.041312829534708726e+04
2.099919997551376218e+04 1.041313140021153959e+04
2.126210950649865481e+04 1.041313443752798776e+04
2.152831065914353167e+04 1.041313742469359750e+04
2.179784464448066137e+04 1.041314035883075121e+04
2.207075318950353903e+04 1.041314322791035556e+04
2.234707854362659418e+04 1.041314605063866111e+04
2.262686348522614935e+04 1.041314882081269934e+04
2.291015132826281842e+04 1.041315153772628582e+04
2.319698592898713105e+04 1.041315420666729187e+04
2.348741169272877596e+04 1.041315681890630367e+04
2.378147358077135868e+04 1.041315939073495429e+04
2.407921711731274263e+04 1.041316190598733738e+04
2.438068839651280359e+04 1.041316438475289033e+04
2.468593408962917238e+04 1.041316679861071134e+04
2.499500145224275548e+04 1.041316918739727771e+04
2.530793833157332483e+04 1.041317152182556129e+04
2.562479317388665004e+04 1.041317381623628717e+04
2.594561503199486469e+04 1.041317606866821370e+04
2.627045357285019782e+04 1.041317827425768701e+04
2.659935908523410035e+04 1.041318043812522592e+04
2.693238248754232700e+04 1.041318256788319559e+04
2.726957533566801430e+04 1.041318465292805377e+04
2.761098983098290410e+04 1.041318670274109718e+04
2.795667882841885148e+04 1.041318871157356625e+04
2.830669584465014486e+04 1.041319068485221942e+04
2.866109506637886079e+04 1.041319262125156820e+04
2.901993135872334824e+04 1.041319451654878685e+04
2.938326027371212331e+04 1.041319638087607564e+04
2.975113805888371644e+04 1.041319821202458661e+04
3.012362166599481134e+04 1.041320000281830471e+04
3.050076875983686114e+04 1.041320176395877934e+04
3.088263772716306994e+04 1.041320349057421299e+04
3.126928768572772969e+04 1.041320519219052221e+04
3.166077849343807611e+04 1.041320685312255227e+04
3.205717075762111926e+04 1.041320849033249215e+04
3.245852584440609280e+04 1.041321009100919764e+04
3.286490588822505379e+04 1.041321166565707063e+04
3.327637380143173505e+04 1.041321320774117157e+04
3.369299328404125117e+04 1.041321472663980785e+04
3.411482883359133120e+04 1.041321621369856075e+04
3.454194575512769370e+04 1.041321767072787952e+04
3.497441017131381523e+04 1.041321910460069012e+04
3.541228903266728594e+04 1.041322050652153666e+04
3.585565012792494963e+04 1.041322188914195976e+04
3.630456209453709744e+04 1.041322324157905496e+04
3.675909442929348734e+04 1.041322456950566448e+04
3.721931749908197526e+04 1.041322587229436795e+04
3.768530255178255175e+04 1.041322715636958856e+04
3.815712172729706799e+04 1.041322840621479554e+04
3.863484806871744513e+04 1.041322964076071548e+04
3.911855553363332729e+04 1.041323085183753392e+04
3.960831900558200869e+04 1.041323203598601322e+04
4.010421430564098409e+04 1.041323319832805646e+04
4.060631820416608389e+04 1.041323434418371107e+04
4.111470843267608871e+04 1.041323546688164606e+04
4.162946369588698144e+04 1.041323656710827163e+04
4.215066368389606941e+04 1.041323764944717368e+04
4.267838908451871976e+04 1.041323870428685950e+04
4.321272159578026913e+04 1.041323974678160448e+04
4.375374393856347160e+04 1.041324077010544715e+04
4.430153986941484618e+04 1.041324177026579673e+04
4.485619419351080433e+04 1.041324275511404085e+04
4.541779277778699179e+04 1.041324371753433297e+04
4.598642256423117215e+04 1.041324466956195283e+04
4.656217158334299893e+04 1.041324559328516443e+04
4.714512896776178968e+04 1.041324650890711564e+04
4.773538496606589615e+04 1.041324739986495297e+04
4.833303095674391079e+04 1.041324828199398144e+04
4.893815946234083822e+04 1.041324914360985895e+04
4.955086416378225840e+04 1.041324999260904769e+04
5.017123991487680178e+04 1.041325081974522982e+04
5.079938275700086524e+04 1.041325163640352184e+04
5.143538993396647857e+04 1.041325243087943636e+04
5.207935990707641758e+04 1.041325321975407132e+04
5.273139237036675331e+04 1.041325398963706539e+04
5.339158826604083151e+04 1.041325474881867740e+04
5.406004980009589781e+04 1.041325549108025189e+04
5.473688045814638463e+04 1.041325621699756266e+04
5.542218502144429658e+04 1.041325693407187100e+04
5.611606958310076152e+04 1.041325763238251966e+04
5.681864156451002782e+04 1.041325832420656116e+04
5.753000973198022984e+04 1.041325899752159057e+04
5.825028421357133629e+04 1.041325966152656838e+04
5.897957651614389761e+04 1.041326030983843521e+04
5.971799954262231768e+04 1.041326095105092463e+04
6.046566760947304283e+04 1.041326157674336537e+04
6.122269646440236102e+04 1.041326219235967073e+04
6.198920330427495355e+04 1.041326279955500831e+04
6.276530679325811798e+04 1.041326338961509828e+04
6.355112708119181480e+04 1.041326397212228949e+04
6.434678582218957308e+04 1.041326454065350117e+04
6.515240619347138272e+04 1.041326510683694141e+04
6.596811291443377559e+04 1.041326565267388287e+04
